f[Hz] 	 GabsStart 	 GphiStart 	 GabsFit 	 GphiFit
800.0 	 0.002242888035338016 	 82.26605440687763 	 0.0028865142003488835 	 85.05907020994312
801.0 	 0.002252564796066817 	 82.23248143665012 	 0.0029020184030384717 	 85.03246470053382
802.0 	 0.0022623089276021372 	 82.1986720154922 	 0.0029176652279680154 	 85.00561335988488
803.0 	 0.0022721211467258496 	 82.16462358706316 	 0.0029334566767771197 	 84.97851271676986
804.0 	 0.002282002180234639 	 82.13033355852492 	 0.0029493947884660495 	 84.95115923465428
805.0 	 0.0022919527651129035 	 82.09579929989405 	 0.0029654816402670103 	 84.92354931015737
806.0 	 0.0023019736487091785 	 82.06101814338005 	 0.002981719348539761 	 84.89567927147029
807.0 	 0.002312065588916175 	 82.0259873827097 	 0.0029981100696923994 	 84.86754537672951
808.0 	 0.002322229354354509 	 81.99070427243677 	 0.0030146560011280947 	 84.83914381234356
809.0 	 0.0023324657245602375 	 81.95516602723731 	 0.0030313593822186846 	 84.810470691272
810.0 	 0.0023427754901762473 	 81.91936982118958 	 0.00304822249530595 	 84.78152205125451
811.0 	 0.0023531594531476267 	 81.88331278703842 	 0.0030652476667315455 	 84.75229385298891
812.0 	 0.002363618426921082 	 81.84699201544414 	 0.003082437267896496 	 84.72278197825607
813.0 	 0.0023741532366485327 	 81.81040455421466 	 0.0030997937163512934 	 84.69298222798996
814.0 	 0.0023847647193949487 	 81.77354740752116 	 0.0031173194769175748 	 84.6628903202911
815.0 	 0.0023954537243505466 	 81.73641753509683 	 0.0031350170628424777 	 84.63250188838133
816.0 	 0.002406221113047461 	 81.69901185141771 	 0.0031528890369867846 	 84.6018124784979
817.0 	 0.0024170677595809764 	 81.66132722486579 	 0.0031709380130479827 	 84.57081754772483
818.0 	 0.0024279945508354447 	 81.62336047687363 	 0.0031891666568194597 	 84.53951246175927
819.0 	 0.0024390023867149934 	 81.58510838105006 	 0.0032075776874870504 	 84.50789249261078
820.0 	 0.002450092180379157 	 81.54656766228646 	 0.003226173878964276 	 84.47595281623084
821.0 	 0.0024612648584835246 	 81.50773499584324 	 0.0032449580612675527 	 84.44368851007053
822.0 	 0.00247252136142555 	 81.46860700641575 	 0.0032639331219328103 	 84.41109455056342
823.0 	 0.0024838626435956333 	 81.42918026717952 	 0.0032831020074749516 	 84.3781658105314
824.0 	 0.0024952896736336245 	 81.38945129881377 	 0.00330246772489168 	 84.3448970565104
825.0 	 0.0025068034346908603 	 81.34941656850305 	 0.003322033343213248 	 84.31128294599311
826.0 	 0.002518404924697873 	 81.30907248891627 	 0.0033418019950997393 	 84.27731802458611
827.0 	 0.0025300951566379387 	 81.26841541716247 	 0.0033617768784876476 	 84.24299672307758
828.0 	 0.0025418751588265685 	 81.22744165372285 	 0.0033819612582874485 	 84.20831335441308
829.0 	 0.002553745975197127 	 81.18614744135823 	 0.003402358468134043 	 84.17326211057538
830.0 	 0.002565708665592697 	 81.14452896399176 	 0.003422971912191969 	 84.13783705936545
831.0 	 0.0025777643060643915 	 81.10258234556551 	 0.003443805067017415 	 84.1020321410801
832.0 	 0.002589913989176222 	 81.06030364887086 	 0.003464861483479055 	 84.06584116508331
833.0 	 0.002602158824316722 	 81.01768887435172 	 0.0034861447887398946 	 84.0292578062667
834.0 	 0.0026144999380174993 	 80.97473395887988 	 0.003507658688302412 	 83.99227560139495
835.0 	 0.002626938474278863 	 80.93143477450165 	 0.003529406968119292 	 83.95488794533229
836.0 	 0.0026394755949027313 	 80.8877871271554 	 0.003551393496772235 	 83.91708808714492
837.0 	 0.00265211247983299 	 80.84378675535861 	 0.00357362222772137 	 83.87886912607509
838.0 	 0.0026648503275035046 	 80.79942932886414 	 0.0035960972016279708 	 83.8402240073816
839.0 	 0.0026776903551939684 	 80.7547104472845 	 0.003618822548753209 	 83.80114551804166
840.0 	 0.0026906337993937886 	 80.70962563868363 	 0.0036418024914358473 	 83.76162628230892
841.0 	 0.002703681916174223 	 80.66417035813487 	 0.0036650413466519202 	 83.72165875712156
842.0 	 0.002716835981568984 	 80.61833998624445 	 0.0036885435286595305 	 83.68123522735496
843.0 	 0.0027300972919635123 	 80.57212982763961 	 0.0037123135517320585 	 83.64034780091279
844.0 	 0.0027434671644931464 	 80.52553510942009 	 0.0037363560329831875 	 83.59898840364986
845.0 	 0.002756946937450448 	 80.47855097957223 	 0.0037606756952874155 	 83.55714877412008
846.0 	 0.0027705379707018748 	 80.43117250534459 	 0.003785277370299694 	 83.51482045814274
847.0 	 0.0027842416461140774 	 80.38339467158374 	 0.0038101660015781727 	 83.47199480317951
848.0 	 0.0027980593679900593 	 80.33521237902967 	 0.0038353466478141126 	 83.42866295251443
849.0 	 0.00281199256351547 	 80.28662044256899 	 0.0038608244861732715 	 83.38481583922922
850.0 	 0.0028260426832152703 	 80.23761358944536 	 0.0038866048157531648 	 83.34044417996505
851.0 	 0.0028402112014210756 	 80.1881864574254 	 0.003912693061160934 	 83.29553846846218
852.0 	 0.0028544996167494253 	 80.13833359291925 	 0.003939094776216661 	 83.25008896886834
853.0 	 0.00286890945259131 	 80.0880494490542 	 0.003965815647787272 	 83.20408570880585
854.0 	 0.0028834422576132085 	 80.03732838370009 	 0.003992861499756341 	 83.15751847218779
855.0 	 0.002898099606269957 	 79.98616465744529 	 0.004020238297135376 	 83.11037679177225
856.0 	 0.002912883099329796 	 79.93455243152147 	 0.004047952150322516 	 83.06264994144371
857.0 	 0.002927794364411865 	 79.88248576567611 	 0.004076009319514648 	 83.01432692820975
858.0 	 0.0029428350565365202 	 79.82995861599078 	 0.004104416219279461 	 82.9653964839011
859.0 	 0.002958006858688793 	 79.77696483264397 	 0.004133179423294087 	 82.91584705656204
860.0 	 0.002973311482395369 	 79.72349815761667 	 0.0041623056692574305 	 82.8656668015175
861.0 	 0.002988750668315426 	 79.66955222233904 	 0.004191801863983507 	 82.81484357210317
862.0 	 0.003004326186845708 	 79.61512054527638 	 0.004221675088683556 	 82.76336491004335
863.0 	 0.0030200398387402318 	 79.5601965294528 	 0.004251932604445013 	 82.71121803546123
864.0 	 0.0030358934557450246 	 79.5047734599105 	 0.004282581857915887 	 82.65838983650502
865.0 	 0.0030518889012482783 	 79.4488445011028 	 0.0043136304872034015 	 82.60486685857298
866.0 	 0.0030680280709463547 	 79.39240269421914 	 0.004345086327996272 	 82.55063529311897
867.0 	 0.0030843128935260857 	 79.33544095443968 	 0.004376957419920497 	 82.49568096601979
868.0 	 0.003100745331363784 	 79.27795206811756 	 0.004409252013138863 	 82.439989325484
869.0 	 0.0031173273812414434 	 79.21992868988673 	 0.004441978575205081 	 82.38354542948154
870.0 	 0.003134061075080585 	 79.16136333969291 	 0.004475145798183836 	 82.3263339326717
871.0 	 0.0031509484806942598 	 79.10224839974528 	 0.004508762606048786 	 82.26833907280626
872.0 	 0.003167991702557666 	 79.04257611138686 	 0.004542838162370951 	 82.20954465658333
873.0 	 0.0031851928825979274 	 78.98233857188052 	 0.004577381878310734 	 82.14993404492589
874.0 	 0.003202554201003541 	 78.9215277311086 	 0.004612403420927403 	 82.08949013765792
875.0 	 0.00322007787705406 	 78.86013538818301 	 0.004647912721820677 	 82.02819535754928
876.0 	 0.0032377661699705415 	 78.7981531879633 	 0.004683919986119627 	 81.9660316336992
877.0 	 0.00325562137978735 	 78.73557261747976 	 0.004720435701835111 	 81.9029803842265
878.0 	 0.0032736458482459266 	 78.67238500225854 	 0.004757470649592705 	 81.83902249823252
879.0 	 0.0032918419597110934 	 78.60858150254582 	 0.00479503591276395 	 81.77413831700183
880.0 	 0.003310212142110556 	 78.54415310942768 	 0.004833142888014758 	 81.70830761440244
881.0 	 0.0033287588678982266 	 78.47909064084277 	 0.004871803296290781 	 81.64150957644674
882.0 	 0.00334748465504205 	 78.4133847374837 	 0.004911029194260624 	 81.57372277997047
883.0 	 0.0033663920680370094 	 78.34702585858439 	 0.004950832986238883 	 81.50492517038612
884.0 	 0.003385483718943999 	 78.28000427758916 	 0.004991227436612169 	 81.43509403846373
885.0 	 0.0034047622684552996 	 78.21231007770012 	 0.0050322256827925755 	 81.36420599608971
886.0 	 0.0034242304269874306 	 78.1439331472988 	 0.005073841248724406 	 81.29223695095126
887.0 	 0.003443890955802078 	 78.07486317523784 	 0.005116088058971248 	 81.21916208009112
888.0 	 0.0034637466681559366 	 78.00508964599898 	 0.005158980453412146 	 81.14495580227444
889.0 	 0.0034838004304802743 	 77.93460183471238 	 0.005202533202577181 	 81.06959174910469
890.0 	 0.003504055163591013 	 77.86338880203344 	 0.005246761523654309 	 80.99304273482407
891.0 	 0.0035245138439302316 	 77.79143938887186 	 0.005291681097201339 	 80.91528072472804
892.0 	 0.003545179504839913 	 77.71874221096849 	 0.005337308084598554 	 80.8362768021202
893.0 	 0.0035660552378689145 	 77.64528565331472 	 0.005383659146279828 	 80.75600113372937
894.0 	 0.0035871441941140144 	 77.57105786440948 	 0.005430751460781845 	 80.67442293350564
895.0 	 0.0036084495855960397 	 77.49604675034811 	 0.00547860274465364 	 80.59151042470707
896.0 	 0.003629974686672021 	 77.42023996873795 	 0.005527231273270853 	 80.5072308001838
897.0 	 0.003651722835484439 	 77.34362492243432 	 0.005576655902601863 	 80.42155018075948
898.0 	 0.0036736974354485237 	 77.26618875309151 	 0.005626896091975461 	 80.33443357160475
899.0 	 0.0036959019567787093 	 77.1879183345221 	 0.005677971927902765 	 80.2458448164903
900.0 	 0.003718339938055359 	 77.10880026585819 	 0.005729904149009207 	 80.15574654979979
901.0 	 0.003741014987832821 	 77.02882086450822 	 0.005782714172135478 	 80.06410014617563
902.0 	 0.0037639307862900114 	 76.94796615890196 	 0.00583642411967003 	 79.9708656676625
903.0 	 0.003787091086924665 	 76.86622188101688 	 0.005891056848179202 	 79.87600180820392
904.0 	 0.0038104997182925216 	 76.78357345867799 	 0.005946635978405294 	 79.77946583533894
905.0 	 0.0038341605857926 	 76.70000600762394 	 0.006003185926706614 	 79.68121352893498
906.0 	 0.0038580776734999126 	 76.61550432333088 	 0.006060731938018485 	 79.58119911678261
907.0 	 0.003882255046046842 	 76.530052872586 	 0.00611930012041848 	 79.47937520686622
908.0 	 0.003906696850554593 	 76.44363578480193 	 0.006178917481384587 	 79.37569271611196
909.0 	 0.0039314073186160065 	 76.35623684306316 	 0.006239611965839935 	 79.27010079540112
910.0 	 0.003956390768331151 	 76.2678394748951 	 0.006301412496083746 	 79.16254675062277
911.0 	 0.003981651606397154 	 76.17842674274614 	 0.006364349013714083 	 79.05297595952372
912.0 	 0.004007194330253663 	 76.08798133417237 	 0.006428452523654321 	 78.94133178409734
913.0 	 0.004033023530285461 	 75.99648555171524 	 0.006493755140402267 	 78.82755547823507
914.0 	 0.00405914389208372 	 75.90392130246046 	 0.006560290136627961 	 78.71158609034465
915.0 	 0.00408556019876751 	 75.81027008726751 	 0.006628091994254118 	 78.59336036061887
916.0 	 0.004112277333367003 	 75.71551298965798 	 0.006697196458161056 	 78.47281261261573
917.0 	 0.00413930028127012 	 75.61963066435034 	 0.006767640592667039 	 78.34987463878707
918.0 	 0.004166634132734119 	 75.52260332542912 	 0.006839462840943877 	 78.2244755795667
919.0 	 0.004194284085463886 	 75.42441073413458 	 0.00691270308753775 	 78.09654179560036
920.0 	 0.004222255447258529 	 75.32503218626047 	 0.006987402724175288 	 77.96599673267059
921.0 	 0.004250553638727985 	 75.22444649914456 	 0.0070636047190462195 	 77.8327607788356
922.0 	 0.004279184196081426 	 75.12263199823833 	 0.007141353689765554 	 77.69675111326669
923.0 	 0.004308152773989096 	 75.0195665032399 	 0.007220695980230359 	 77.55788154623013
924.0 	 0.004337465148519426 	 74.91522731377499 	 0.007301679741599582 	 77.41606234961822
925.0 	 0.004367127220153126 	 74.80959119460918 	 0.007384355017638724 	 77.27120007738937
926.0 	 0.0043971450168760785 	 74.70263436037442 	 0.0074687738346861775 	 77.12319737522846
927.0 	 0.004427524697352796 	 74.59433245979251 	 0.007554990296512671 	 76.97195277868703
928.0 	 0.004458272554182176 	 74.48466055937675 	 0.007643060684361676 	 76.81736049900546
929.0 	 0.004489395017237403 	 74.37359312659311 	 0.0077330435624752645 	 76.65931019575805
930.0 	 0.004520898657091742 	 74.26110401246068 	 0.007824999889427413 	 76.49768673539549
931.0 	 0.004552790188531923 	 74.14716643357137 	 0.0079189931356047 	 76.3323699346872
932.0 	 0.0045850764741608785 	 74.03175295350724 	 0.008015089407193518 	 76.16323428798779
933.0 	 0.0046177645280915626 	 73.91483546363324 	 0.008113357577052276 	 75.99014867716676
934.0 	 0.00465086151973343 	 73.79638516324253 	 0.008213869422866863 	 75.81297606294979
935.0 	 0.00468437477767323 	 73.67637253903062 	 0.008316699773008179 	 75.63157315631926
936.0 	 0.0047183117936516255 	 73.55476734387331 	 0.008421926660531017 	 75.44579006851447
937.0 	 0.004752680226637152 	 73.43153857488277 	 0.008529631485774299 	 75.25546993805439
938.0 	 0.004787487906998857 	 73.30665445071526 	 0.008639899188042739 	 75.06044853307918
939.0 	 0.00482274284077889 	 73.18008238810265 	 0.008752818426869905 	 74.86055382716908
940.0 	 0.004858453214066266 	 73.05178897757914 	 0.008868481773381391 	 74.65560554664951
941.0 	 0.0048946273974727885 	 72.92173995837311 	 0.008986985912293834 	 74.44541468722966
942.0 	 0.004931273950712024 	 72.78990019243368 	 0.009108431855100475 	 74.22978299764736
943.0 	 0.004968401627281965 	 72.6562336375597 	 0.009232925165005658 	 74.00850242780173
944.0 	 0.005006019379252025 	 72.52070331959776 	 0.009360576194179189 	 73.78135453865053
945.0 	 0.005044136362154454 	 72.38327130367539 	 0.009491500333903028 	 73.5481098709273
946.0 	 0.0050827619399803165 	 72.24389866443319 	 0.009625818278179684 	 73.30852726949223
947.0 	 0.005121905690279673 	 72.10254545521977 	 0.0097636563013583 	 73.06235315987254
948.0 	 0.005161577409365458 	 71.95917067621023 	 0.00990514655031163 	 72.80932077326776
949.0 	 0.005201787117619964 	 71.8137322414099 	 0.010050427351659523 	 72.54914931599622
950.0 	 0.005242545064902665 	 71.66618694450149 	 0.010199643534481832 	 72.28154307903463
951.0 	 0.005283861736057478 	 71.51649042349406 	 0.010352946768889072 	 72.00619048295802
952.0 	 0.0053257478565172395 	 71.36459712412956 	 0.01051049592072044 	 71.7227630532163
953.0 	 0.005368214398002337 	 71.2104602620025 	 0.010672457422507747 	 71.43091432029256
954.0 	 0.005411272584310156 	 71.05403178334572 	 0.010839005660676745 	 71.13027863886772
955.0 	 0.005454933897191035 	 70.89526232443451 	 0.011010323378742533 	 70.82046991967901
956.0 	 0.005499210082305802 	 70.73410116955955 	 0.01118660209598586 	 70.50108026729583
957.0 	 0.005544113155259019 	 70.570496207518 	 0.011368042540758964 	 70.17167851655805
958.0 	 0.005589655407701273 	 70.40439388656998 	 0.01155485509714956 	 69.83180865992485
959.0 	 0.00563584941349267 	 70.23573916780688 	 0.011747260263211424 	 69.480988157481
960.0 	 0.005682708034918593 	 70.06447547687635 	 0.011945489118330039 	 69.11870612084098
961.0 	 0.005730244428947613 	 69.89054465400692 	 0.01214978379650748 	 68.74442136169976
962.0 	 0.005778472053519861 	 69.7138869022749 	 0.012360397961390691 	 68.3575602953102
963.0 	 0.005827404673852968 	 69.5344407340535 	 0.012577597277699859 	 67.95751468874403
964.0 	 0.005877056368750589 	 69.35214291558438 	 0.012801659872291525 	 67.54363924344402
965.0 	 0.005927441536897025 	 69.16692840960958 	 0.01303287677637006 	 67.11524900132574
966.0 	 0.005978574903119336 	 68.97873031600116 	 0.013271552338277566 	 66.67161656358827
967.0 	 0.006030471524595952 	 68.7874798103252 	 0.013518004593776495 	 66.21196911149721
968.0 	 0.006083146796988625 	 68.5931060802756 	 0.013772565577710965 	 65.73548521877456
969.0 	 0.006136616460471601 	 68.39553625991341 	 0.014035581557290023 	 65.24129144596601
970.0 	 0.00619089660562931 	 68.19469536164524 	 0.014307413162869482 	 64.72845870835609
971.0 	 0.006246003679190163 	 67.99050620587704 	 0.014588435386879902 	 64.19599841081748
972.0 	 0.006301954489561 	 67.78288934827724 	 0.014879037415310584 	 63.642858345570325
973.0 	 0.006358766212122673 	 67.57176300458465 	 0.015179622248732134 	 63.06791835241571
974.0 	 0.006416456394242931 	 67.35704297289816 	 0.015490606061026025 	 62.46998574586125
975.0 	 0.006475042959958312 	 67.1386425533854 	 0.015812417233571647 	 61.847790519990724
976.0 	 0.006534544214271648 	 66.91647246535068 	 0.01614549499037468 	 61.19998035035721
977.0 	 0.0065949788470063535 	 66.69044076160347 	 0.01649028754525289 	 60.525115423077814
978.0 	 0.0066563659361524394 	 66.46045274007372 	 0.01684724965546524 	 59.821663135270455
979.0 	 0.00671872495063283 	 66.22641085262234 	 0.01721683945683437 	 59.087992728696705
980.0 	 0.006782075752411348 	 65.98821461100124 	 0.017599514433260865 	 58.32236994079766
981.0 	 0.00684643859785594 	 65.74576048992188 	 0.017995726348434854 	 57.52295178520489
982.0 	 0.006911834138262028 	 65.49894182719923 	 0.018405914939525675 	 56.68778160840173
983.0 	 0.006978283419431856 	 65.24764872094501 	 0.018830500141910997 	 55.814784611758974
984.0 	 0.007045807880195519 	 64.99176792379357 	 0.01926987258116023 	 54.90176408006937
985.0 	 0.007114429349748333 	 64.73118273415507 	 0.019724382034584053 	 53.94639862041144
986.0 	 0.007184170043667335 	 64.46577288450274 	 0.020194323531479076 	 52.9462407901196
987.0 	 0.007255052558456789 	 64.1954144267156 	 0.020679920731486022 	 51.89871758110004
988.0 	 0.007327099864458615 	 63.9199796145142 	 0.02118130619831355 	 50.801133330569655
989.0 	 0.007400335296948207 	 63.639336783046765 	 0.021698498177251512 	 49.65067574562911
990.0 	 0.007474782545219896 	 63.353350225703906 	 0.022231373497390027 	 48.44442585976647
991.0 	 0.007550465639448318 	 63.06188006826511 	 0.022779636263911645 	 47.17937288036755
992.0 	 0.0076274089350929376 	 62.76478214050733 	 0.02334278209595209 	 45.85243503167461
993.0 	 0.007705637094591872 	 62.46190784543879 	 0.02392005781832908 	 44.46048763753978
994.0 	 0.007785175066068964 	 62.15310402635562 	 0.024510416751028486 	 43.000399807571746
995.0 	 0.007866048058754226 	 61.83821283195827 	 0.025112470080970683 	 41.46908116694785
996.0 	 0.007948281514791301 	 61.51707157981175 	 0.025724435268583413 	 39.86354007420031
997.0 	 0.008031901077078473 	 61.18951261848164 	 0.026344083055703068 	 38.18095466354995
998.0 	 0.008116932552759635 	 60.855363188735886 	 0.02696868541014738 	 36.418757780924096
999.0 	 0.008203401871950284 	 60.51444528426375 	 0.027594967656374033 	 34.574736400904136
1000.0 	 0.008291335041249414 	 60.166575512435585 	 0.0282190690616583 	 32.64714535916503
1001.0 	 0.008380758091552773 	 59.8115649557027 	 0.0288365171913161 	 30.63483416278061
1002.0 	 0.00847169701964454 	 59.44921903432544 	 0.029442222278127487 	 28.537384222514035
1003.0 	 0.008564177723004844 	 59.079337371212134 	 0.03003049847235425 	 26.355252101895353
1004.0 	 0.008658225927227828 	 58.701713659759506 	 0.030595118895312152 	 24.089912377122676
1005.0 	 0.008753867105401268 	 58.316135535702436 	 0.031129410625486586 	 21.743991615654696
1006.0 	 0.008851126388752902 	 57.92238445410928 	 0.03162639383525837 	 19.32138307568823
1007.0 	 0.008950028467820533 	 57.52023557280468 	 0.03207896610033038 	 16.82733036348969
1008.0 	 0.009050597483354697 	 57.10945764365627 	 0.032480128450519695 	 14.268467879177225
1009.0 	 0.0091528569061125 	 56.68981291333529 	 0.03282324433505547 	 11.652806838970138
1010.0 	 0.009256829404651359 	 56.26105703534723 	 0.033102316989865856 	 8.989658269716516
1011.0 	 0.00936253670018078 	 55.82293899533658 	 0.03331226567016684 	 6.289488680017508
1012.0 	 0.009469999407481644 	 55.37520105189049 	 0.03344917794924612 	 3.563709839478365
1013.0 	 0.009579236860854972 	 54.91757869530874 	 0.03351051477590434 	 0.8244105988705075
1014.0 	 0.009690266924018198 	 54.449800627069024 	 0.03349524781000015 	 -1.915954978836179
1015.0 	 0.00980310578282678 	 53.9715887629986 	 0.03340391464131285 	 -4.644903790511672
1016.0 	 0.009917767719665606 	 53.48265826346549 	 0.033238586022834214 	 -7.350261819323178
1017.0 	 0.010034264868329125 	 52.98271759422373 	 0.03300274879574668 	 -10.020481625236519
1018.0 	 0.010152606948193331 	 52.4714686218934 	 0.032701117069932846 	 -12.644919135426411
1019.0 	 0.010272800976480733 	 51.9486067484167 	 0.03233939094269828 	 -15.214054478403932
1020.0 	 0.010394850957433036 	 51.41382108921399 	 0.031923985623914415 	 -17.719647809403362
1021.0 	 0.010518757547239795 	 50.86679470016072 	 0.03146175405229102 	 -20.15482762015724
1022.0 	 0.01064451769362798 	 50.30720485891899 	 0.030959723389389994 	 -22.51411494033809
1023.0 	 0.010772124249102916 	 49.73472340657813 	 0.030424861089364527 	 -24.79339141806822
1024.0 	 0.010901565556949454 	 49.1490171559857 	 0.02986388065796237 	 -26.989822168968924
1025.0 	 0.01103282500925997 	 48.54974837357549 	 0.02928309172803686 	 -29.101745506486612
1026.0 	 0.01116588057645832 	 47.936575341916146 	 0.02868829440950571 	 -31.128541465310093
1027.0 	 0.011300704308043506 	 47.30915301060263 	 0.028084714403903685 	 -33.07048979745397
1028.0 	 0.01143726180459147 	 46.667133743477414 	 0.02747697319125887 	 -34.928626279273715
1029.0 	 0.011575511661433033 	 46.01016817049682 	 0.026869086568691584 	 -36.704604090653156
1030.0 	 0.01171540488488255 	 45.337906152816245 	 0.02626448469712457 	 -38.40056499791399
1031.0 	 0.011856884282429035 	 44.64999786985541 	 0.02566604731172303 	 -40.01902327209487
1032.0 	 0.01199988382893102 	 43.946095037182864 	 0.025076148612289587 	 -41.56276379707942
1033.0 	 0.01214432801158143 	 43.225852264018116 	 0.02449670736291889 	 -43.03475469192357
1034.0 	 0.012290131157239849 	 42.48892855894656 	 0.023929238747418584 	 -44.438073967686634
1035.0 	 0.01243719674666805 	 41.73498899205864 	 0.023374905455945737 	 -45.77584921497292
1036.0 	 0.012585416721255658 	 40.963706521116166 	 0.022834566271401725 	 -47.051209018429134
1037.0 	 0.012734670788984657 	 40.174763988489104 	 0.022308821065883687 	 -48.26724466312591
1038.0 	 0.012884825737652353 	 39.36785629444479 	 0.021798051612926892 	 -49.42698068576967
1039.0 	 0.013035734764742762 	 38.54269275087743 	 0.021302457986815616 	 -50.53335289036226
1040.0 	 0.013187236834792001 	 37.69899961770306 	 0.020822090577201687 	 -51.58919256168133
1041.0 	 0.01333915607661597 	 36.83652282185944 	 0.020356877917640192 	 -52.59721574758632
1042.0 	 0.01349130123432747 	 35.95503085612715 	 0.019906650630734074 	 -53.56001662641249
1043.0 	 0.01364346518762893 	 35.05431785178718 	 0.0194711618477907 	 -54.48006411795289
1044.0 	 0.01379542455837964 	 34.13420681543526 	 0.019050104481460866 	 -55.35970102925006
1045.0 	 0.01394693942184438 	 33.1945530160777 	 0.01864312572690348 	 -56.20114514614861
1046.0 	 0.01409775314226681 	 32.23524750394229 	 0.018249839149041235 	 -57.00649178688799
1047.0 	 0.014247592353395918 	 31.256220737284924 	 0.017869834686640405 	 -57.777717424876904
1048.0 	 0.014396167105240451 	 30.257446287901754 	 0.01750268687265797 	 -58.51668406495943
1049.0 	 0.014543171198537737 	 29.238944590150265 	 0.017147961537569298 	 -59.22514412217361
1050.0 	 0.014688282728099059 	 28.20078669214674 	 0.016805221230198446 	 -59.904745605639505
1051.0 	 0.014831164855230058 	 27.143097961591476 	 0.016474029560147155 	 -60.55703745425399
1052.0 	 0.014971466827725405 	 26.06606169253965 	 0.016153954637941184 	 -61.183474906726836
1053.0 	 0.015108825263410543 	 24.9699225536137 	 0.015844571763808442 	 -61.78542481744184
1054.0 	 0.015242865709781221 	 23.854989812871338 	 0.01554546549363972 	 -62.36417085282808
1055.0 	 0.015373204487925535 	 22.721640270089907 	 0.015256231191080907 	 -62.92091852136878
1056.0 	 0.015499450823594482 	 21.570320823876422 	 0.014976476157682826 	 -63.45680000492732
1057.0 	 0.01562120926204362 	 20.401550599087088 	 0.01470582041837117 	 -63.972878770443465
1058.0 	 0.01573808235618455 	 19.215922559816295 	 0.014443897226942032 	 -64.47015394986578
1059.0 	 0.015849673609794824 	 18.014104534997625 	 0.014190353345598304 	 -64.94956448292831
1060.0 	 0.015955590649238988 	 16.796839587654034 	 0.013944849143474394 	 -65.41199302247905
1061.0 	 0.01605544858860537 	 15.564945665245022 	 0.013707058551439706 	 -65.85826960584886
1062.0 	 0.016148873544674758 	 14.319314477476082 	 0.013476668904025093 	 -66.28917509849542
1063.0 	 0.016235506250065954 	 13.060909559345513 	 0.013253380693902781 	 -66.70544441808853
1064.0 	 0.016315005705635544 	 11.790763491003693 	 0.013036907259818159 	 -67.1077695484999
1065.0 	 0.016387052807144496 	 10.509974261939037 	 0.012826974425084825 	 -67.49680235396427
1066.0 	 0.0164513538767298 	 9.21970078471615 	 0.012623320100597725 	 -67.87315720410768
1067.0 	 0.016507644027184697 	 7.9211575824688945 	 0.012425693863692 	 -68.23741342068121
1068.0 	 0.016555690286740553 	 6.615608693998044 	 0.012233856521994265 	 -68.59011755677034
1069.0 	 0.016595294414151373 	 5.304360859939958 	 0.012047579669605814 	 -68.9317855190241
1070.0 	 0.016626295338492338 	 3.988756072317436 	 0.011866645241463015 	 -69.26290454311129
1071.0 	 0.016648571165152292 	 2.670163587079704 	 0.011690845070486363 	 -69.58393503219983
1072.0 	 0.016662040698851372 	 1.349971514264547 	 0.011519980451114825 	 -69.89531226779367
1073.0 	 0.016666664445841386 	 0.02957811250157141 	 0.011353861711988851 	 -70.19744800176993
1074.0 	 0.016662445070325306 	 -1.2896170768315702 	 0.011192307799863051 	 -70.49073193795752
1075.0 	 0.016649427294044873 	 -2.6062221157797847 	 0.011035145876273036 	 -70.77553311109284
1076.0 	 0.016627697242349842 	 -3.918861435690089 	 0.010882210928028678 	 -71.0522011704921
1077.0 	 0.01659738125426915 	 -5.226184345717048 	 0.010733345392240487 	 -71.32106757529615
1078.0 	 0.01655864418755419 	 -6.526873154381397 	 0.010588398796291516 	 -71.58244670767913
1079.0 	 0.01651168726180642 	 -7.819650785736178 	 0.010447227412932185 	 -71.83663690996725
1080.0 	 0.016456745493165816 	 -9.103287785939058 	 0.010309693930488866 	 -72.08392145119491
1081.0 	 0.016394084782261696 	 -10.376608632740643 	 0.010175667138031667 	 -72.3245694282247
1082.0 	 0.01632399872297598 	 -11.638497278878255 	 0.010045021625233198 	 -72.55883660618689
1083.0 	 0.016246805202935654 	 -12.887901879838717 	 0.009917637496563873 	 -72.7869662026428
1084.0 	 0.016162842867562872 	 -14.123838676157812 	 0.009793400099406078 	 -73.0091896195498
1085.0 	 0.016072467518108802 	 -15.345395019671223 	 0.009672199765622702 	 -73.2257271268018
1086.0 	 0.01597604851062621 	 -16.551731551257504 	 0.009553931566084584 	 -73.43678850083577
1087.0 	 0.01587396521761278 	 -17.742083554111286 	 0.00943849507764133 	 -73.64257362153302
1088.0 	 0.015766603607452523 	 -18.915761521025935 	 0.009325794162010199 	 -73.84327303039953
1089.0 	 0.015654352989186562 	 -20.072150986289223 	 0.009215736756054357 	 -74.03906845278573
1090.0 	 0.015537602961948812 	 -21.210711682432876 	 0.00910823467292525 	 -74.23013328669708
1091.0 	 0.015416740599974815 	 -22.33097608920004 	 0.00900320341355152 	 -74.41663306055491
1092.0 	 0.01529214789576249 	 -23.432547446777974 	 0.008900561987968071 	 -74.59872586208839
1093.0 	 0.015164199476011551 	 -24.51509730773583 	 0.008800232745992858 	 -74.77656274037577
1094.0 	 0.015033260597616147 	 -25.578362702439563 	 0.008702141216774519 	 -74.95028808290088
1095.0 	 0.014899685424397253 	 -26.622142991243948 	 0.008606215956751739 	 -75.1200399693512
1096.0 	 0.014763815579542471 	 -27.64629647379758 	 0.008512388405582771 	 -75.28595050375553
1097.0 	 0.01462597896392712 	 -28.650736821625387 	 0.008420592749622495 	 -75.44814612644034
1098.0 	 0.01448648882662884 	 -29.63542939508556 	 0.008330765792542874 	 -75.6067479071744
1099.0 	 0.01434564307099171 	 -30.600387500098087 	 0.008242846832712003 	 -75.76187182077061
1100.0 	 0.014203723777484486 	 -31.54566863398273 	 0.008156777546964993 	 -75.91362900631992
1101.0 	 0.014060996923254465 	 -32.471370763529265 	 0.008072501880418356 	 -76.06212601114811
1102.0 	 0.013917712277611693 	 -33.37762867224474 	 0.007989965941997563 	 -76.20746502050478
1103.0 	 0.013774103452587158 	 -34.26461040774297 	 0.007909117905364188 	 -76.34974407392316
1104.0 	 0.013630388088096818 	 -35.13251385455892 	 0.007829907914946229 	 -76.48905726911936
1105.0 	 0.01348676815201076 	 -35.981563452397864 	 0.007752287996790448 	 -76.62549495424027
1106.0 	 0.013343430336487772 	 -36.81200707499174 	 0.007676211973971772 	 -76.75914390920912
1107.0 	 0.013200546533203815 	 -37.62411308040413 	 0.007601635386308572 	 -76.89008751686647
1108.0 	 0.013058274371510983 	 -38.41816753978075 	 0.007528515414147136 	 -77.01840592455457
1109.0 	 0.012916757805047457 	 -39.19447164820378 	 0.007456810805991611 	 -77.14417619674776
1110.0 	 0.012776127733829162 	 -39.9533393184457 	 0.00738648180976843 	 -77.26747245928989
1111.0 	 0.012636502650348628 	 -40.69509495601372 	 0.007317490107526253 	 -77.38836603576058
1112.0 	 0.012497989299652961 	 -41.42007141189603 	 0.0072497987533833574 	 -77.50692557645677
1113.0 	 0.012360683344749773 	 -42.12860810781754 	 0.007183372114545808 	 -77.62321718044227
1114.0 	 0.012224670029975704 	 -42.82104932756918 	 0.0071181758152290865 	 -77.73730451108779
1115.0 	 0.012090024836150967 	 -43.49774266702446 	 0.007054176683326086 	 -77.84924890549486
1116.0 	 0.011956814122424567 	 -44.15903763478588 	 0.006991342699672791 	 -77.95910947817146
1117.0 	 0.011825095750690573 	 -44.80528439495267 	 0.006929642949772046 	 -78.06694321930162
1118.0 	 0.011694919689323128 	 -45.43683264325628 	 0.0068690475778432954 	 -78.17280508792994
1119.0 	 0.011566328593744244 	 -46.05403060771901 	 0.006809527743074195 	 -78.27674810035916
1120.0 	 0.011439358362005424 	 -46.65722416504378 	 0.006751055577956632 	 -78.3788234140414
1121.0 	 0.011314038664141716 	 -47.24675606409475 	 0.006693604148596885 	 -78.4790804072238
1122.0 	 0.011190393444548776 	 -47.82296524807432 	 0.006637147416895595 	 -78.57756675459291
1123.0 	 0.011068441397049461 	 -48.38618626730994 	 0.006581660204499165 	 -78.67432849914776
1124.0 	 0.010948196412664344 	 -48.93674877491735 	 0.006527118158430137 	 -78.76941012051455
1125.0 	 0.01082966800038504 	 -49.47497709800175 	 0.006473497718308864 	 -78.86285459990452
1126.0 	 0.010712861681481124 	 -50.001189877467525 	 0.006420776085084139 	 -78.95470348190281
1127.0 	 0.010597779358054227 	 -50.51569976993332 	 0.006368931191194724 	 -79.04499693326495
1128.0 	 0.010484419656695887 	 -51.01881320567317 	 0.0063179416720885615 	 -79.13377379888558
1129.0 	 0.01037277824821105 	 -51.51083019693196 	 0.006267786839030041 	 -79.2210716550956
1130.0 	 0.010262848144446217 	 -51.99204419137471 	 0.006218446653129988 	 -79.30692686043258
1131.0 	 0.010154619973310734 	 -52.46274196583432 	 0.006169901700536415 	 -79.39137460402186
1132.0 	 0.010048082233109117 	 -52.923203555906525 	 0.006122133168727652 	 -79.47444895169622
1133.0 	 0.00994322152731288 	 -53.373702217310694 	 0.006075122823852659 	 -79.55618288997546
1134.0 	 0.009840022780896723 	 -53.81450441528414 	 0.0060288529890662555 	 -79.63660836801922
1135.0 	 0.009738469439348738 	 -54.245869838605095 	 0.005983306523810048 	 -79.7157563376598
1136.0 	 0.009638543651439221 	 -54.66805143514939 	 0.005938466803992402 	 -79.79365679161555
1137.0 	 0.009540226436800706 	 -55.081295466172406 	 0.005894317703023313 	 -79.87033879997958
1138.0 	 0.00944349783933426 	 -55.48584157677596 	 0.005850843573662463 	 -79.94583054507281
1139.0 	 0.00934833706741578 	 -55.88192288026591 	 0.005808029230641066 	 -80.02015935474523
1140.0 	 0.009254722621831362 	 -56.26976605433627 	 0.005765859934020071 	 -80.09335173420456
1141.0 	 0.009162632412325284 	 -56.64959144722477 	 0.005724321373249387 	 -80.16543339644706
1142.0 	 0.009072043863597019 	 -57.02161319217831 	 0.005683399651894627 	 -80.23642929136054
1143.0 	 0.008982934011537179 	 -57.3860393287427 	 0.0056430812729996735 	 -80.30636363356635
1144.0 	 0.008895279590445646 	 -57.743071929552364 	 0.005603353125055044 	 -80.3752599290626
1145.0 	 0.008809057111929544 	 -58.092907231443455 	 0.005564202468543499 	 -80.44314100072805
1146.0 	 0.008724242936134632 	 -58.435735769845856 	 0.0055256169230359815 	 -80.51002901274256
1147.0 	 0.008640813335920771 	 -58.7717425155314 	 0.0054875844548122905 	 -80.57594549397672
1148.0 	 0.008558744554550923 	 -59.10110701290578 	 0.005450093364982171 	 -80.64091136040079
1149.0 	 0.008478012857423955 	 -59.424003519129656 	 0.005413132278083836 	 -80.70494693656
1150.0 	 0.0083985945783442 	 -59.74060114344468 	 0.0053766901311380864 	 -80.76807197616104
1151.0 	 0.008320466160785016 	 -60.05106398616025 	 0.005340756163137257 	 -80.83030568181157
1152.0 	 0.008243604194570512 	 -60.35555127682915 	 0.005305319904949368 	 -80.89166672395348
1153.0 	 0.008167985448367564 	 -60.65421751120599 	 0.0052703711696186935 	 -80.95217325902698
1154.0 	 0.008093586898351192 	 -60.94721258663889 	 0.005235900043045102 	 -81.01184294690185
1155.0 	 0.008020385753378188 	 -61.234681935598324 	 0.005201896875025248 	 -81.0706929676098
1156.0 	 0.007948359476978022 	 -61.516766657093285 	 0.005168352270639544 	 -81.12874003740993
1157.0 	 0.007877485806446108 	 -61.79360364576487 	 0.005135257081969781 	 -81.18600042421802
1158.0 	 0.007807742769301506 	 -62.06532571848623 	 0.005102602400132803 	 -81.24248996242875
1159.0 	 0.007739108697350587 	 -62.33206173832862 	 0.005070379547616533 	 -81.29822406715786
1160.0 	 0.007671562238578297 	 -62.59393673578334 	 0.005038580070905174 	 -81.35321774793076
1161.0 	 0.007605082367070958 	 -62.85107202715393 	 0.0050071957333811794 	 -81.40748562184238
1162.0 	 0.007539648391157529 	 -63.1035853300561 	 0.004976218508492068 	 -81.46104192621131
1163.0 	 0.007475239959940917 	 -63.35159087598189 	 0.004945640573170832 	 -81.51390053075099
1164.0 	 0.007411837068376347 	 -63.595199519903126 	 0.0049154543014990814 	 -81.56607494927921
1165.0 	 0.007349420061041036 	 -63.83451884690199 	 0.004885652258602797 	 -81.61757835098561
1166.0 	 0.007287969634726758 	 -64.06965327583178 	 0.004856227194770851 	 -81.66842357127689
1167.0 	 0.00722746683997575 	 -64.30070416002155 	 0.004827172039786959 	 -81.71862312221778
1168.0 	 0.007167893081670275 	 -64.5277698850471 	 0.004798479897466278 	 -81.76818920258489
1169.0 	 0.007109230118776282 	 -64.75094596360073 	 0.004770144040388104 	 -81.81713370755045
1170.0 	 0.007051460063333086 	 -64.97032512749755 	 0.0047421579048166915 	 -81.86546823801103
1171.0 	 0.006994565378772662 	 -65.18599741686403 	 0.004714515085802378 	 -81.91320410957684
1172.0 	 0.00693852887764502 	 -65.39805026655735 	 0.004687209332455805 	 -81.96035236123542
1173.0 	 0.00688333371881907 	 -65.60656858986975 	 0.0046602345433881314 	 -82.00692376370343
1174.0 	 0.006828963404222273 	 -65.81163485957501 	 0.0046335847623106005 	 -82.05292882747952
1175.0 	 0.006775401775176495 	 -66.01332918637647 	 0.004607254173787033 	 -82.09837781061061
1176.0 	 0.006722633008382468 	 -66.21172939481842 	 0.004581237099133199 	 -82.14328072618335
1177.0 	 0.006670641611600181 	 -66.40691109672387 	 0.004555527992457219 	 -82.18764734955171
1178.0 	 0.006619412419068143 	 -66.59894776222374 	 0.004530121436835373 	 -82.23148722531192
1179.0 	 0.006568930586700695 	 -66.78791078844127 	 0.0045050121406181205 	 -82.27480967403446
1180.0 	 0.006519181587098407 	 -66.97386956589786 	 0.004480194933861115 	 -82.31762379876321
1181.0 	 0.006470151204403582 	 -67.15689154270527 	 0.004455664764876452 	 -82.35993849129069
1182.0 	 0.006421825529029568 	 -67.3370422866088 	 0.004431416696899437 	 -82.40176243821873
1183.0 	 0.006374190952289861 	 -67.5143855449467 	 0.004407445904866448 	 -82.44310412681264
1184.0 	 0.006327234160950363 	 -67.68898330258868 	 0.004383747672299665 	 -82.48397185065716
1185.0 	 0.006280942131725758 	 -67.86089583791724 	 0.004360317388294543 	 -82.524373715122
1186.0 	 0.006235302125738883 	 -68.03018177691342 	 0.004337150544606167 	 -82.56431764264427
1187.0 	 0.0061903016829599426 	 -68.19689814540773 	 0.004314242732830756 	 -82.60381137783484
1188.0 	 0.006145928616640711 	 -68.36110041955612 	 0.004291589641678737 	 -82.64286249241559
1189.0 	 0.0061021710077570485 	 -68.52284257459935 	 0.004269187054335954 	 -82.68147838999371
1190.0 	 0.006059017199471832 	 -68.68217713196255 	 0.0042470308459097664 	 -82.71966631067967
1191.0 	 0.006016455791628814 	 -68.83915520475085 	 0.0042251169809568775 	 -82.75743333555434
1192.0 	 0.00597447563528682 	 -68.9938265416953 	 0.004203441511089882 	 -82.79478639099122
1193.0 	 0.005933065827302484 	 -69.14623956960179 	 0.00418200057265964 	 -82.83173225283916
1194.0 	 0.005892215704968836 	 -69.29644143435424 	 0.004160790384510751 	 -82.86827755047076
1195.0 	 0.005851914840715992 	 -69.44447804052211 	 0.004139807245807421 	 -82.90442877070132
1196.0 	 0.005812153036879439 	 -69.59039408962037 	 0.004119047533927242 	 -82.94019226158322
1197.0 	 0.005772920320540557 	 -69.73423311706927 	 0.004098507702420362 	 -82.9755742360805
1198.0 	 0.005734206938443524 	 -69.87603752789884 	 0.00407818427903179 	 -83.01058077562759
1199.0 	 0.005696003351991923 	 -70.01584863124273 	 0.004058073863784553 	 -83.04521783357664
1200.0 	 0.005658300232327835 	 -70.1537066736637 	 0.004038173127121512 	 -83.07949123853761
1201.0 	 0.005621088455495851 	 -70.28965087135226 	 0.004018478808103834 	 -83.11340669761472
1202.0 	 0.005584359097693832 	 -70.42371944123798 	 0.003998987712664093 	 -83.14696979954313
1203.0 	 0.005548103430611829 	 -70.55594963105248 	 0.0039796967119121 	 -83.18018601772933
1204.0 	 0.005512312916860281 	 -70.68637774838125 	 0.003960602740491605 	 -83.21306071319869
1205.0 	 0.005476979205488267 	 -70.81503918873993 	 0.003941702794986157 	 -83.24559913745355
1206.0 	 0.005442094127592229 	 -70.94196846271036 	 0.003922993932372393 	 -83.2778064352447
1207.0 	 0.005407649692015374 	 -71.06719922216926 	 0.003904473268519141 	 -83.30968764725958
1208.0 	 0.005373638081137665 	 -71.19076428564274 	 0.0038861379767307523 	 -83.34124771273002
1209.0 	 0.0053400516467562 	 -71.31269566281699 	 0.0038679852863331985 	 -83.37249147196218
1210.0 	 0.005306882906055507 	 -71.43302457823576 	 0.0038500124813014643 	 -83.40342366879143
1211.0 	 0.00527412453766708 	 -71.55178149421353 	 0.0038322168989268204 	 -83.43404895296491
1212.0 	 0.005241769377817511 	 -71.66899613299236 	 0.0038145959285226993 	 -83.46437188245395
1213.0 	 0.0052098104165641985 	 -71.78469749816925 	 0.0037971470101678226 	 -83.49439692569901
1214.0 	 0.005178240794117748 	 -71.8989138954202 	 0.0037798676334853897 	 -83.52412846378915
1215.0 	 0.005147053797249865 	 -72.01167295254581 	 0.003762755336457103 	 -83.55357079257857
1216.0 	 0.005116242855785617 	 -72.12300163886276 	 0.003745807704270896 	 -83.58272812474189
1217.0 	 0.005085801539178804 	 -72.23292628396419 	 0.003729022368201263 	 -83.61160459177073
1218.0 	 0.005055723553169114 	 -72.3414725958714 	 0.00371239700452113 	 -83.64020424591298
1219.0 	 0.005026002736519636 	 -72.4486656785987 	 0.003695929333444196 	 -83.66853106205724
1220.0 	 0.004996633057833464 	 -72.55453004915172 	 0.0036796171180968405 	 -83.69658893956368
1221.0 	 0.004967608612447803 	 -72.65908965397958 	 0.0036634581635185746 	 -83.72438170404341
1222.0 	 0.00493892361940417 	 -72.76236788490003 	 0.0036474503156901437 	 -83.75191310908808
1223.0 	 0.004910572418493221 	 -72.86438759451592 	 0.003631591460588411 	 -83.77918683795099
1224.0 	 0.004882549467372655 	 -72.96517111114125 	 0.003615879523267146 	 -83.8062065051817
1225.0 	 0.00485484933875672 	 -73.06474025325358 	 0.0036003124669629293 	 -83.83297565821516
1226.0 	 0.004827466717675759 	 -73.16311634348979 	 0.0035848882922253395 	 -83.85949777891739
1227.0 	 0.004800396398804324 	 -73.26032022220065 	 0.0035696050360707015 	 -83.88577628508851
1228.0 	 0.004773633283856331 	 -73.35637226058 	 0.0035544607711586328 	 -83.91181453192493
1229.0 	 0.004747172379045715 	 -73.45129237338303 	 0.0035394536049906914 	 -83.93761581344172
1230.0 	 0.004721008792611142 	 -73.54510003124808 	 0.0035245816791304287 	 -83.9631833638565
1231.0 	 0.004695137732403254 	 -73.63781427263551 	 0.0035098431684442 	 -83.98852035893611
1232.0 	 0.004669554503533011 	 -73.72945371539691 	 0.0034952362803620947 	 -84.01362991730703
1233.0 	 0.0046442545060796005 	 -73.8200365679876 	 0.003480759254158338 	 -84.03851510173105
1234.0 	 0.004619233232856615 	 -73.90958064033407 	 0.0034664103602506297 	 -84.0631789203468
1235.0 	 0.004594486267234931 	 -73.99810335436885 	 0.003452187899517782 	 -84.08762432787849
1236.0 	 0.004570009281021027 	 -74.08562175424373 	 0.003438090202635164 	 -84.11185422681282
1237.0 	 0.004545798032389248 	 -74.17215251623234 	 0.003424115629427342 	 -84.135871468545
1238.0 	 0.0045218483638667945 	 -74.2577119583328 	 0.003410262568237493 	 -84.1596788544948
1239.0 	 0.004498156200370013 	 -74.34231604958032 	 0.0033965294353130084 	 -84.18327913719347
1240.0 	 0.004474717547290719 	 -74.42598041907985 	 0.0033829146742068456 	 -84.20667502134276
1241.0 	 0.004451528488631307 	 -74.50872036476787 	 0.003369416755194159 	 -84.22986916484626
1242.0 	 0.004428585185187358 	 -74.59055086191273 	 0.003356034174703755 	 -84.25286417981458
1243.0 	 0.004405883872776552 	 -74.67148657136198 	 0.003342765454763937 	 -84.27566263354453
1244.0 	 0.004383420860512654 	 -74.7515418475454 	 0.0033296091424623074 	 -84.29826704947351
1245.0 	 0.004361192529123439 	 -74.83073074624153 	 0.003316563809419143 	 -84.32067990810968
1246.0 	 0.004339195329311391 	 -74.909067032116 	 0.003303628051273927 	 -84.34290364793856
1247.0 	 0.00431742578015607 	 -74.98656418603859 	 0.003290800487184683 	 -84.36494066630678
1248.0 	 0.004295880467557003 	 -75.06323541218703 	 0.0032780797593397054 	 -84.38679332028387
1249.0 	 0.004274556042716121 	 -75.1390936449437 	 0.0032654645324813633 	 -84.4084639275023
1250.0 	 0.0042534492206586305 	 -75.2141515555929 	 0.0032529534934416294 	 -84.42995476697675
1251.0 	 0.004232556778791296 	 -75.28842155882444 	 0.00324054535068897 	 -84.45126807990317
1252.0 	 0.004211875555497197 	 -75.3619158190503 	 0.003228238833886317 	 -84.47240607043796
1253.0 	 0.0041914024487659475 	 -75.43464625654022 	 0.0032160326934597776 	 -84.4933709064582
1254.0 	 0.004171134414858452 	 -75.50662455338221 	 0.0032039257001777975 	 -84.51416472030303
1255.0 	 0.004151068467005249 	 -75.57786215927347 	 0.003191916644740463 	 -84.53478960949735
1256.0 	 0.004131201674137594 	 -75.6483702971472 	 0.003180004337378685 	 -84.55524763745758
1257.0 	 0.004111531159650375 	 -75.71815996864072 	 0.0031681876074629804 	 -84.57554083418052
1258.0 	 0.004092054100196015 	 -75.78724195940953 	 0.003156465303121574 	 -84.59567119691565
1259.0 	 0.004072767724508524 	 -75.85562684429297 	 0.0031448362908675755 	 -84.6156406908213
1260.0 	 0.004053669312256919 	 -75.92332499233515 	 0.0031332994552349777 	 -84.63545124960504
1261.0 	 0.004034756192927213 	 -75.99034657166668 	 0.0031218536984232484 	 -84.65510477614902
1262.0 	 0.004016025744732181 	 -76.05670155425103 	 0.003110497939950241 	 -84.67460314312022
1263.0 	 0.0039974753935482195 	 -76.12239972049989 	 0.003099231116313259 	 -84.69394819356661
1264.0 	 0.00397910261187851 	 -76.1874506637616 	 0.003088052180657991 	 -84.71314174149899
1265.0 	 0.0039609049178418254 	 -76.25186379468684 	 0.0030769601024551547 	 -84.73218557245947
1266.0 	 0.00394287987418628 	 -76.31564834547497 	 0.003065953867184605 	 -84.75108144407636
1267.0 	 0.003925025087327337 	 -76.37881337400499 	 0.0030550324760267307 	 -84.76983108660654
1268.0 	 0.003907338206409471 	 -76.44136776785479 	 0.003044194945560932 	 -84.7884362034649
1269.0 	 0.0038898169223908112 	 -76.50332024821168 	 0.00303344030747101 	 -84.80689847174182
1270.0 	 0.003872458967150143 	 -76.56467937367805 	 0.0030227676082572367 	 -84.82521954270864
1271.0 	 0.0038552621126157396 	 -76.62545354397497 	 0.0030121759089550013 	 -84.84340104231156
1272.0 	 0.0038382241699153655 	 -76.68565100354705 	 0.0030016642848598022 	 -84.86144457165433
1273.0 	 0.0038213429885469207 	 -76.74527984507141 	 0.0029912318252584306 	 -84.87935170746985
1274.0 	 0.003804616455569183 	 -76.80434801287382 	 0.002980877633166214 	 -84.89712400258122
1275.0 	 0.003788042494812101 	 -76.86286330625464 	 0.002970600825070112 	 -84.91476298635233
1276.0 	 0.0037716190661061366 	 -76.9208333827274 	 0.0029604005306775654 	 -84.93227016512827
1277.0 	 0.0037553441645301164 	 -76.9782657611725 	 0.0029502758926709086 	 -84.94964702266596
1278.0 	 0.0037392158196771393 	 -77.03516782490863 	 0.0029402260664672148 	 -84.96689502055511
1279.0 	 0.003723232094938052 	 -77.09154682468456 	 0.002930250219983455 	 -84.98401559862991
1280.0 	 0.003707391086802025 	 -77.14740988159303 	 0.0029203475334068103 	 -85.00101017537143
1281.0 	 0.0036916909241737636 	 -77.20276398990993 	 0.002910517198969999 	 -85.01788014830134
1282.0 	 0.003676129767706946 	 -77.25761601986014 	 0.002900758420731528 	 -85.0346268943668
1283.0 	 0.003660705809153455 	 -77.31197272031268 	 0.0028910704143607162 	 -85.051251770317
1284.0 	 0.003645417270727951 	 -77.36584072140715 	 0.0028814524069273634 	 -85.0677561130715
1285.0 	 0.0036302624044874552 	 -77.41922653711318 	 0.0028719036366959784 	 -85.08414124008051
1286.0 	 0.003615239491725476 	 -77.47213656772529 	 0.002862423352924419 	 -85.1004084496773
1287.0 	 0.0036003468423803616 	 -77.52457710229453 	 0.002853010815666867 	 -85.11655902142319
1288.0 	 0.0035855827944574516 	 -77.57655432099932 	 0.0028436652955809837 	 -85.13259421644483
1289.0 	 0.003570945713464727 	 -77.62807429745644 	 0.0028343860737392074 	 -85.14851527776457
1290.0 	 0.003556433991861557 	 -77.67914300097472 	 0.0028251724414440228 	 -85.1643234306235
1291.0 	 0.003542046048520245 	 -77.72976629875247 	 0.002816023700047161 	 -85.18001988279768
1292.0 	 0.003527780328199999 	 -77.77994995802045 	 0.0028069391607725876 	 -85.1956058249078
1293.0 	 0.003513635301033051 	 -77.82969964813203 	 0.002797918144543226 	 -85.21108243072209
1294.0 	 0.00349960946202259 	 -77.87902094260181 	 0.002788959981811301 	 -85.22645085745295
1295.0 	 0.0034857013305521945 	 -77.92791932109435 	 0.0027800640123922114 	 -85.24171224604729
1296.0 	 0.0034719094499064923 	 -77.9764001713642 	 0.0027712295853018717 	 -85.25686772147097
1297.0 	 0.003458232386802752 	 -78.02446879114888 	 0.002762456058597411 	 -85.27191839298698
1298.0 	 0.0034446687309331275 	 -78.07213039001572 	 0.0027537427992211727 	 -85.28686535442814
1299.0 	 0.0034312170945172615 	 -78.11939009116425 	 0.002745089182847905 	 -85.30170968446406
1300.0 	 0.0034178761118650387 	 -78.16625293318525 	 0.0027364945937351083 	 -85.31645244686243
1301.0 	 0.00340464443894917 	 -78.21272387177724 	 0.002727958424576424 	 -85.33109469074515
1302.0 	 0.0033915207529874097 	 -78.25880778142229 	 0.0027194800763580226 	 -85.34563745083915
1303.0 	 0.0033785037520341174 	 -78.3045094570218 	 0.002711058958217892 	 -85.36008174772195
1304.0 	 0.0033655921545809714 	 -78.34983361549328 	 0.0027026944873079902 	 -85.37442858806243
1305.0 	 0.003352784699166572 	 -78.39478489732964 	 0.0026943860886591686 	 -85.3886789648565
1306.0 	 0.0033400801439947368 	 -78.43936786812135 	 0.0026861331950488176 	 -85.40283385765811
1307.0 	 0.003327477266561239 	 -78.48358702004332 	 0.0026779352468711505 	 -85.4168942328057
1308.0 	 0.003314974863288807 	 -78.52744677330647 	 0.0026697916920100924 	 -85.4308610436439
1309.0 	 0.0033025717491701905 	 -78.57095147757575 	 0.0026617019857147037 	 -85.4447352307408
1310.0 	 0.0032902667574190147 	 -78.61410541335518 	 0.0026536655904770465 	 -85.45851772210115
1311.0 	 0.0032780587391283635 	 -78.65691279334064 	 0.002645681975912511 	 -85.47220943337493
1312.0 	 0.0032659465629367567 	 -78.69937776374151 	 0.002637750618642461 	 -85.48581126806205
1313.0 	 0.0032539291147014367 	 -78.74150440557207 	 0.002629871002179201 	 -85.49932411771299
1314.0 	 0.0032420052971787613 	 -78.78329673591297 	 0.0026220426168132092 	 -85.51274886212532
1315.0 	 0.0032301740297115073 	 -78.8247587091441 	 0.0026142649595025554 	 -85.52608636953647
1316.0 	 0.0032184342479229192 	 -78.86589421814944 	 0.0026065375337644674 	 -85.53933749681279
1317.0 	 0.003206784903417386 	 -78.90670709549426 	 0.002598859849569028 	 -85.55250308963477
1318.0 	 0.003195224963487509 	 -78.94720111457609 	 0.0025912314232348975 	 -85.56558398267873
1319.0 	 0.003183753410827458 	 -78.98737999074947 	 0.0025836517773270597 	 -85.57858099979501
1320.0 	 0.0031723692432524663 	 -79.02724738242556 	 0.002576120440556546 	 -85.59149495418266
1321.0 	 0.0031610714734242604 	 -79.06680689214714 	 0.002568636947682046 	 -85.60432664856087
1322.0 	 0.00314985912858237 	 -79.10606206763947 	 0.0025612008394134455 	 -85.6170768753369
1323.0 	 0.003138731250281085 	 -79.14501640283808 	 0.002553811662317154 	 -85.629746416771
1324.0 	 0.0031276868941319735 	 -79.1836733388935 	 0.0025464689687232545 	 -85.6423360451381
1325.0 	 0.003116725129551854 	 -79.22203626515399 	 0.0025391723166344137 	 -85.6548465228864
1326.0 	 0.003105845039516009 	 -79.26010852012652 	 0.002531921269636493 	 -85.66727860279299
1327.0 	 0.003095045720316596 	 -79.29789339241673 	 0.0025247153968108536 	 -85.67963302811653
1328.0 	 0.003084326281326095 	 -79.33539412164838 	 0.002517554272648299 	 -85.69191053274695
1329.0 	 0.0030736858447656806 	 -79.37261389936265 	 0.0025104374769646374 	 -85.70411184135254
1330.0 	 0.003063123545478375 	 -79.40955586989803 	 0.0025033645948177924 	 -85.7162376695241
1331.0 	 0.0030526385307069414 	 -79.44622313125103 	 0.0024963352164264867 	 -85.72828872391645
1332.0 	 0.003042229959876318 	 -79.48261873591855 	 0.002489348937090402 	 -85.74026570238728
1333.0 	 0.003031897004380556 	 -79.51874569172179 	 0.0024824053571118367 	 -85.7521692941336
1334.0 	 0.003021638847374106 	 -79.55460696261287 	 0.002475504081718783 	 -85.76400017982533
1335.0 	 0.003011454683567385 	 -79.59020546946397 	 0.0024686447209894347 	 -85.7757590317368
1336.0 	 0.0030013437190265285 	 -79.6255440908397 	 0.00246182688977807 	 -85.78744651387551
1337.0 	 0.00299130517097718 	 -79.66062566375321 	 0.0024550502076422834 	 -85.79906328210869
1338.0 	 0.0029813382676122865 	 -79.69545298440623 	 0.002448314298771537 	 -85.8106099842876
1339.0 	 0.0029714422479037747 	 -79.73002880891337 	 0.0024416187919170254 	 -85.82208726036941
1340.0 	 0.0029616163614180303 	 -79.76435585401144 	 0.0024349633203227927 	 -85.83349574253695
1341.0 	 0.0029518598681350576 	 -79.7984367977538 	 0.002428347521658086 	 -85.84483605531625
1342.0 	 0.0029421720382713156 	 -79.83227428019002 	 0.002421771037950949 	 -85.8561088156921
1343.0 	 0.0029325521521060475 	 -79.86587090403191 	 0.002415233515522979 	 -85.86731463322128
1344.0 	 0.0029229994998111026 	 -79.89922923530506 	 0.0024087346049252675 	 -85.87845411014395
1345.0 	 0.0029135133812841327 	 -79.9323518039874 	 0.0024022739608754794 	 -85.88952784149298
1346.0 	 0.002904093105985087 	 -79.96524110463453 	 0.0023958512421960337 	 -85.90053641520136
1347.0 	 0.002894737992775949 	 -79.99789959699193 	 0.002389466111753406 	 -85.91148041220761
1348.0 	 0.002885447369763639 	 -80.03032970659488 	 0.0023831182363984855 	 -85.9223604065594
1349.0 	 0.0028762205741459696 	 -80.06253382535616 	 0.002376807286907977 	 -85.9331769655154
1350.0 	 0.0028670569520606723 	 -80.09451431214148 	 0.002370532937926851 	 -85.94393064964507
1351.0 	 0.0028579558584373326 	 -80.12627349333367 	 0.0023642948679117905 	 -85.95462201292705
1352.0 	 0.002848916656852224 	 -80.15781366338508 	 0.002358092759075616 	 -85.96525160284557
1353.0 	 0.0028399387193859763 	 -80.189137085359 	 0.002351926297332703 	 -85.9758199604852
1354.0 	 0.002831021426483976 	 -80.22024599146025 	 0.002345795172245315 	 -85.98632762062408
1355.0 	 0.002822164166819488 	 -80.25114258355508 	 0.0023396990769708943 	 -85.99677511182546
1356.0 	 0.00281336633715941 	 -80.28182903368054 	 0.0023336377082102495 	 -86.00716295652751
1357.0 	 0.0028046273422325844 	 -80.31230748454409 	 0.002327610766156625 	 -86.01749167113181
1358.0 	 0.0027959465946006696 	 -80.34258005001286 	 0.002321617954445669 	 -86.02776176609024
1359.0 	 0.002787323514531461 	 -80.37264881559341 	 0.0023156589801062387 	 -86.03797374599017
1360.0 	 0.0027787575298746058 	 -80.40251583890219 	 0.002309733553512044 	 -86.0481281096386
1361.0 	 0.002770248075939723 	 -80.43218315012643 	 0.002303841388334131 	 -86.05822535014441
1362.0 	 0.002761794595376804 	 -80.46165275247624 	 0.0022979822014941604 	 -86.06826595499955
1363.0 	 0.00275339653805886 	 -80.49092662262775 	 0.0022921557131184633 	 -86.07825040615873
1364.0 	 0.0027450533609668305 	 -80.52000671115765 	 0.0022863616464929106 	 -86.08817918011758
1365.0 	 0.0027367645280765994 	 -80.54889494296926 	 0.002280599728018498 	 -86.09805274798993
1366.0 	 0.0027285295102481666 	 -80.57759321771043 	 0.002274869687167707 	 -86.10787157558327
1367.0 	 0.0027203477851168714 	 -80.60610341018321 	 0.002269171256441585 	 -86.11763612347332
1368.0 	 0.0027122188369866494 	 -80.6344273707459 	 0.0022635041713275385 	 -86.12734684707718
1369.0 	 0.0027041421567252765 	 -80.66256692570698 	 0.0022578681702578396 	 -86.13700419672531
1370.0 	 0.002696117241661551 	 -80.69052387771193 	 0.0022522629945688115 	 -86.14660861773223
1371.0 	 0.0026881435954843685 	 -80.71830000612239 	 0.0022466883884606904 	 -86.15616055046621
1372.0 	 0.002680220728143673 	 -80.7458970673882 	 0.002241144098958158 	 -86.16566043041763
1373.0 	 0.002672348155753222 	 -80.77331679541234 	 0.002235629875871518 	 -86.17510868826626
1374.0 	 0.002664525400495127 	 -80.80056090190907 	 0.002230145471758508 	 -86.18450574994756
1375.0 	 0.0026567519905261495 	 -80.8276310767552 	 0.0022246906418867435 	 -86.19385203671764
1376.0 	 0.0026490274598856924 	 -80.85452898833483 	 0.0022192651441967633 	 -86.20314796521741
1377.0 	 0.0026413513484054916 	 -80.88125628387758 	 0.0022138687392657007 	 -86.2123939475355
1378.0 	 0.0026337232016209115 	 -80.90781458979052 	 0.0022085011902715146 	 -86.22159039127024
1379.0 	 0.0026261425706838606 	 -80.93420551198392 	 0.0022031622629578185 	 -86.23073769959063
1380.0 	 0.002618609012277286 	 -80.960430636191 	 0.002197851725599278 	 -86.23983627129627
1381.0 	 0.0026111220885311954 	 -80.9864915282816 	 0.002192569348967563 	 -86.24888650087634
1382.0 	 0.0026036813669401745 	 -81.01238973457028 	 0.0021873149062978338 	 -86.2578887785677
1383.0 	 0.002596286420282412 	 -81.03812678211847 	 0.002182088173255796 	 -86.26684349041193
1384.0 	 0.002588936826540144 	 -81.06370417903139 	 0.0021768889279052506 	 -86.27575101831157
1385.0 	 0.002581632168821508 	 -81.08912341474922 	 0.0021717169506761734 	 -86.28461174008534
1386.0 	 0.002574372035283817 	 -81.11438596033322 	 0.00216657202433331 	 -86.29342602952265
1387.0 	 0.0025671560190581514 	 -81.13949326874648 	 0.0021614539339452556 	 -86.30219425643703
1388.0 	 0.002559983718175318 	 -81.16444677512953 	 0.0021563624668540344 	 -86.31091678671886
1389.0 	 0.0025528547354930872 	 -81.18924789707121 	 0.0021512974126451554 	 -86.31959398238725
1390.0 	 0.0025457686786247145 	 -81.21389803487435 	 0.0021462585631181305 	 -86.32822620164109
1391.0 	 0.0025387251598687245 	 -81.23839857181693 	 0.002141245712257477 	 -86.33681379890912
1392.0 	 0.00253172379613991 	 -81.26275087440823 	 0.0021362586562041533 	 -86.34535712489962
1393.0 	 0.0025247642089015255 	 -81.28695629264087 	 0.0021312971932274456 	 -86.35385652664887
1394.0 	 0.0025178460240986847 	 -81.31101616023781 	 0.0021263611236973026 	 -86.36231234756917
1395.0 	 0.002510968872092892 	 -81.33493179489545 	 0.0021214502500570952 	 -86.37072492749591
1396.0 	 0.0025041323875976984 	 -81.35870449852203 	 0.0021165643767967817 	 -86.37909460273407
1397.0 	 0.002497336209615497 	 -81.38233555747199 	 0.0021117033104265212 	 -86.38742170610388
1398.0 	 0.0024905799813753683 	 -81.40582624277627 	 0.002106866859450659 	 -86.39570656698581
1399.0 	 0.002483863350272023 	 -81.42917781036837 	 0.0021020548343421404 	 -86.40394951136491
1400.0 	 0.0024771859678057715 	 -81.45239150130655 	 0.002097267047517299 	 -86.41215086187438
1401.0 	 0.0024705474895235107 	 -81.47546854199219 	 0.002092503313311033 	 -86.42031093783852
1402.0 	 0.002463947574960743 	 -81.49841014438417 	 0.0020877634479523747 	 -86.42843005531508
1403.0 	 0.002457385887584548 	 -81.5212175062097 	 0.0020830472695404123 	 -86.43650852713682
1404.0 	 0.0024508620947375362 	 -81.54389181117145 	 0.00207835459802059 	 -86.44454666295258
1405.0 	 0.00244437586758275 	 -81.56643422915096 	 0.0020736852551613625 	 -86.45254476926763
1406.0 	 0.002437926881049484 	 -81.58884591640873 	 0.0020690390645312093 	 -86.46050314948347
1407.0 	 0.002431514813780015 	 -81.61112801578074 	 0.002064415851475977 	 -86.46842210393697
1408.0 	 0.0024251393480772404 	 -81.6332816568716 	 0.002059815443096591 	 -86.47630192993896
1409.0 	 0.0024188001698531685 	 -81.65530795624456 	 0.0020552376682270715 	 -86.48414292181224
1410.0 	 0.0024124969685782815 	 -81.677208017608 	 0.002050682357412902 	 -86.49194537092899
1411.0 	 0.002406229437231746 	 -81.69898293199893 	 0.0020461493428897094 	 -86.49970956574768
1412.0 	 0.002399997272252421 	 -81.7206337779634 	 0.0020416384585622573 	 -86.50743579184929
1413.0 	 0.002393800173490717 	 -81.74216162173374 	 0.0020371495399837676 	 -86.51512433197321
1414.0 	 0.002387637844161215 	 -81.76356751740285 	 0.0020326824243355316 	 -86.52277546605237
1415.0 	 0.002381509990796077 	 -81.78485250709558 	 0.0020282369504068267 	 -86.53038947124804
1416.0 	 0.0023754163231992295 	 -81.80601762113722 	 0.002023812958575141 	 -86.537966621984
1417.0 	 0.0023693565544012874 	 -81.8270638782191 	 0.0020194102907866735 	 -86.5455071899802
1418.0 	 0.002363330400615208 	 -81.84799228556166 	 0.0020150287905371248 	 -86.5530114442861
1419.0 	 0.002357337581192688 	 -81.86880383907436 	 0.002010668302852774 	 -86.5604796513132
1420.0 	 0.0023513778185812527 	 -81.88949952351344 	 0.0020063286742718323 	 -86.56791207486748
1421.0 	 0.002345450838282034 	 -81.9100803126367 	 0.002002009752826053 	 -86.57530897618093
1422.0 	 0.002339556368808259 	 -81.93054716935589 	 0.001997711388022633 	 -86.58267061394312
1423.0 	 0.0023336941416443762 	 -81.95090104588651 	 0.0019934334308263552 	 -86.58999724433181
1424.0 	 0.0023278638912058625 	 -81.97114288389525 	 0.0019891757336420045 	 -86.59728912104356
1425.0 	 0.0023220653547996652 	 -81.99127361464487 	 0.001984938150297026 	 -86.60454649532345
1426.0 	 0.0023162982725852704 	 -82.01129415913682 	 0.0019807205360244384 	 -86.61176961599483
1427.0 	 0.0023105623875364118 	 -82.03120542825148 	 0.0019765227474459967 	 -86.61895872948834
1428.0 	 0.002304857445403372 	 -82.05100832288616 	 0.001972344642555587 	 -86.62611407987053
1429.0 	 0.00229918319467589 	 -82.07070373409084 	 0.0019681860807028635 	 -86.63323590887222
1430.0 	 0.0022935393865466604 	 -82.09029254320166 	 0.0019640469225771237 	 -86.64032445591634
1431.0 	 0.0022879257748753988 	 -82.10977562197233 	 0.0019599270301914017 	 -86.64737995814541
1432.0 	 0.0022823421161534793 	 -82.12915383270347 	 0.001955826266866794 	 -86.65440265044853
1433.0 	 0.0022767881694691432 	 -82.14842802836962 	 0.0019517444972170152 	 -86.66139276548824
1434.0 	 0.00227126369647322 	 -82.16759905274465 	 0.0019476815871331495 	 -86.66835053372672
1435.0 	 0.0022657684613454207 	 -82.1866677405246 	 0.0019436374037686433 	 -86.67527618345174
1436.0 	 0.002260302230761137 	 -82.20563491744917 	 0.0019396118155244918 	 -86.68216994080224
1437.0 	 0.0022548647738587536 	 -82.2245014004208 	 0.0019356046920346332 	 -86.68903202979361
1438.0 	 0.0022494558622074934 	 -82.24326799762211 	 0.0019316159041515612 	 -86.69586267234249
1439.0 	 0.002244075269775737 	 -82.26193550863137 	 0.001927645323932127 	 -86.70266208829128
1440.0 	 0.002238722772899835 	 -82.28050472453626 	 0.0019236928246235332 	 -86.70943049543239
1441.0 	 0.002233398150253418 	 -82.29897642804572 	 0.0019197582806495415 	 -86.71616810953196
1442.0 	 0.0022281011828171643 	 -82.31735139360009 	 0.0019158415675968581 	 -86.7228751443535
1443.0 	 0.00222283165384903 	 -82.33563038747961 	 0.0019119425622017043 	 -86.72955181168092
1444.0 	 0.0022175893488549487 	 -82.35381416791103 	 0.0019080611423365863 	 -86.73619832134153
1445.0 	 0.0022123740555599664 	 -82.37190348517282 	 0.001904197186997234 	 -86.74281488122847
1446.0 	 0.002207185563879821 	 -82.38989908169845 	 0.001900350576289726 	 -86.749401697323
1447.0 	 0.002202023665892959 	 -82.40780169217828 	 0.0018965211914177928 	 -86.7559589737164
1448.0 	 0.0021968881558129655 	 -82.42561204365995 	 0.001892708914670284 	 -86.76248691263164
1449.0 	 0.0021917788299614218 	 -82.44333085564685 	 0.00188891362940882 	 -86.76898571444465
1450.0 	 0.0021866954867411715 	 -82.46095884019547 	 0.001885135220055603 	 -86.77545557770534
1451.0 	 0.0021816379266099777 	 -82.47849670201106 	 0.0018813735720813905 	 -86.78189669915847
1452.0 	 0.0021766059520545965 	 -82.49594513854183 	 0.0018776285719936437 	 -86.78830927376397
1453.0 	 0.0021715993675652232 	 -82.51330484007181 	 0.0018739001073248282 	 -86.79469349471724
1454.0 	 0.002166617979610322 	 -82.53057648981218 	 0.0018701880666208695 	 -86.801049553469
1455.0 	 0.0021616615966118446 	 -82.54776076399125 	 0.001866492339429775 	 -86.80737763974498
1456.0 	 0.002156730028920795 	 -82.56485833194314 	 0.0018628128162903942 	 -86.81367794156532
1457.0 	 0.0021518230887931857 	 -82.581869856195 	 0.0018591493887213455 	 -86.81995064526355
1458.0 	 0.002146940590366327 	 -82.59879599255306 	 0.0018555019492100804 	 -86.82619593550568
1459.0 	 0.0021420823496354686 	 -82.61563739018723 	 0.0018518703912020916 	 -86.83241399530866
