lam	int
299.32248	266.000000000
299.32852	286.000000000
299.33453	304.000000000
299.34058	270.333312988
299.34659	279.333312988
299.35263	272.333312988
299.35864	295.000000000
299.36469	286.000000000
299.37070	284.333312988
299.37671	267.333312988
299.38275	291.333312988
299.38876	282.666656494
299.39481	279.333312988
299.40082	267.000000000
299.40686	264.666656494
299.41287	278.333312988
299.41891	306.666656494
299.42493	285.666656494
299.43094	260.000000000
299.43698	282.666656494
299.44299	260.666656494
299.44904	293.000000000
299.45505	286.000000000
299.46106	281.000000000
299.46710	274.666656494
299.47311	284.000000000
299.47916	299.000000000
299.48517	313.000000000
299.49118	280.333312988
299.49722	270.000000000
299.50323	296.000000000
299.50925	282.666656494
299.51529	272.666656494
299.52130	287.666656494
299.52734	262.666656494
299.53336	309.333312988
299.53937	301.666656494
299.54541	267.333312988
299.55142	282.000000000
299.55743	279.666656494
299.56348	264.333312988
299.56949	277.000000000
299.57550	295.666656494
299.58154	279.000000000
299.58755	286.333312988
299.59357	293.666656494
299.59961	294.666656494
299.60562	278.666656494
299.61163	296.000000000
299.61768	284.333312988
299.62369	294.000000000
299.62970	282.333312988
299.63571	309.666656494
299.64175	303.666656494
299.64777	290.333312988
299.65378	299.333312988
299.65982	282.333312988
299.66583	269.666656494
299.67184	270.333312988
299.67786	289.000000000
299.68390	306.333312988
299.68991	268.000000000
299.69592	286.333312988
299.70197	277.000000000
299.70798	260.333312988
299.71399	284.333312988
299.72000	281.333312988
299.72604	264.333312988
299.73206	278.333312988
299.73807	305.666656494
299.74408	277.333312988
299.75009	311.000000000
299.75613	299.000000000
299.76215	303.666656494
299.76816	285.666656494
299.77417	297.333312988
299.78021	270.000000000
299.78622	283.666656494
299.79224	267.000000000
299.79825	281.666656494
299.80426	294.333312988
299.81030	274.000000000
299.81631	271.333312988
299.82233	270.666656494
299.82834	302.000000000
299.83435	290.666656494
299.84036	271.333312988
299.84641	268.000000000
299.85242	295.000000000
299.85843	316.000000000
299.86444	290.333312988
299.87045	270.000000000
299.87646	267.000000000
299.88251	273.666656494
299.88852	284.000000000
299.89453	301.666656494
299.90054	258.666656494
299.90656	271.333312988
299.91257	269.333312988
299.91858	303.333312988
299.92462	290.000000000
299.93063	288.666656494
299.93665	258.333312988
299.94266	254.666656494
299.94867	294.000000000
299.95468	286.666656494
299.96069	282.000000000
299.96671	286.333312988
299.97272	298.333312988
299.97876	291.000000000
299.98477	298.000000000
299.99078	301.666656494
299.99680	266.666656494
300.00281	293.000000000
300.00882	308.000000000
300.01483	317.666656494
300.02084	278.000000000
300.02686	292.666656494
300.03287	293.333312988
300.03888	281.666656494
300.04489	283.000000000
300.05090	287.000000000
300.05692	274.000000000
300.06293	286.666656494
300.06897	265.666656494
300.07498	287.000000000
300.08099	264.000000000
300.08701	271.666656494
300.09302	268.000000000
300.09903	291.666656494
300.10504	308.333312988
300.11105	291.333312988
300.11707	278.000000000
300.12308	289.666656494
300.12909	292.000000000
300.13510	287.000000000
300.14111	279.000000000
300.14713	277.333312988
300.15314	267.666656494
300.15915	285.000000000
300.16516	272.666656494
300.17117	268.666656494
300.17719	289.333312988
300.18320	274.666656494
300.18921	282.666656494
300.19522	273.000000000
300.20120	266.000000000
300.20721	262.000000000
300.21323	269.333312988
300.21924	276.333312988
300.22525	281.666656494
300.23126	299.333312988
300.23727	282.000000000
300.24329	294.000000000
300.24930	296.666656494
300.25531	269.000000000
300.26132	285.000000000
300.26733	291.666656494
300.27335	292.000000000
300.27936	284.333312988
300.28537	276.000000000
300.29135	275.666656494
300.29736	277.666656494
300.30338	290.333312988
300.30939	296.000000000
300.31540	304.000000000
300.32141	294.000000000
300.32742	287.666656494
300.33344	275.666656494
300.33945	294.666656494
300.34543	311.000000000
300.35144	307.333312988
300.35745	277.000000000
300.36346	286.666656494
300.36948	290.333312988
300.37549	285.333312988
300.38150	300.333312988
300.38751	303.333312988
300.39349	297.666656494
300.39951	316.666656494
300.40552	340.000000000
300.41153	344.000000000
300.41754	324.333312988
300.42355	302.333312988
300.42953	280.666656494
300.43555	288.000000000
300.44156	298.666656494
300.44757	275.000000000
300.45358	287.000000000
300.45956	297.333312988
300.46558	283.666656494
300.47159	282.333312988
300.47760	268.000000000
300.48361	295.000000000
300.48959	274.333312988
300.49561	274.666656494
300.50162	283.666656494
300.50763	277.000000000
300.51364	303.333312988
300.51962	280.000000000
300.52563	270.666656494
300.53165	276.333312988
300.53766	286.000000000
300.54364	279.666656494
300.54965	300.333312988
300.55566	280.333312988
300.56168	271.000000000
300.56766	266.666656494
300.57367	286.000000000
300.57968	270.000000000
300.58569	284.000000000
300.59167	269.666656494
300.59769	282.666656494
300.60370	288.666656494
300.60968	297.000000000
300.61569	273.666656494
300.62170	281.666656494
300.62772	281.000000000
300.63370	301.000000000
300.63971	301.333312988
300.64572	274.333312988
300.65170	277.666656494
300.65771	264.000000000
300.66373	290.333312988
300.66971	274.000000000
300.67572	262.000000000
300.68173	261.000000000
300.68771	267.000000000
300.69373	284.000000000
300.69974	294.333312988
300.70572	259.000000000
300.71173	283.333312988
300.71774	264.666656494
300.72372	284.333312988
300.72974	277.000000000
300.73575	287.000000000
300.74173	292.666656494
300.74774	287.666656494
300.75372	306.000000000
300.75974	279.000000000
300.76575	278.000000000
300.77173	296.666656494
300.77774	275.666656494
300.78375	282.666656494
300.78973	281.333312988
300.79575	279.666656494
300.80173	282.666656494
300.80774	298.000000000
300.81375	306.333312988
300.81973	300.333312988
300.82574	311.666656494
300.83173	343.000000000
300.83774	422.000000000
300.84372	459.333312988
300.84973	396.666656494
300.85574	336.333312988
300.86172	287.666656494
300.86774	268.666656494
300.87372	279.666656494
300.87973	266.000000000
300.88571	287.333312988
300.89172	274.333312988
300.89771	295.333312988
300.90372	288.333312988
300.90973	281.000000000
300.91571	277.000000000
300.92172	289.000000000
300.92770	303.000000000
300.93372	292.666656494
300.93970	284.666656494
300.94571	258.000000000
300.95169	266.666656494
300.95770	282.666656494
300.96368	276.666656494
300.96970	274.333312988
300.97568	288.000000000
300.98169	271.666656494
300.98767	301.000000000
300.99368	281.666656494
300.99966	268.666656494
301.00568	283.000000000
301.01166	280.333312988
301.01767	306.666656494
301.02365	281.000000000
301.02963	280.666656494
301.03564	287.666656494
301.04163	276.000000000
301.04764	281.333312988
301.05362	278.333312988
301.05963	281.666656494
301.06561	290.333312988
301.07162	287.666656494
301.07761	276.333312988
301.08359	282.333312988
301.08960	296.666656494
301.09558	281.000000000
301.10159	259.333312988
301.10757	286.333312988
301.11356	279.666656494
301.11957	292.333312988
301.12555	287.333312988
301.13156	280.333312988
301.13754	293.666656494
301.14352	289.666656494
301.14954	282.666656494
301.15552	293.000000000
301.16153	272.000000000
301.16751	293.000000000
301.17349	272.333312988
301.17950	276.000000000
301.18549	275.333312988
301.19147	276.000000000
301.19748	300.666656494
301.20346	286.666656494
301.20947	279.000000000
301.21545	264.333312988
301.22144	292.000000000
301.22745	280.666656494
301.23343	276.666656494
301.23941	280.000000000
301.24542	296.666656494
301.25140	284.666656494
301.25739	312.000000000
301.26340	302.666656494
301.26938	304.333312988
301.27536	326.666656494
301.28134	361.333312988
301.28735	409.333312988
301.29333	622.666656494
301.29932	759.666656494
301.30533	580.000000000
301.31131	374.666656494
301.31729	316.000000000
301.32327	298.666656494
301.32928	296.333312988
301.33527	287.666656494
301.34125	296.000000000
301.34726	283.666656494
301.35324	281.333312988
301.35922	253.000000000
301.36520	273.333312988
301.37122	282.666656494
301.37720	275.666656494
301.38318	299.333312988
301.38916	279.666656494
301.39517	290.333312988
301.40115	282.000000000
301.40714	296.333312988
301.41312	280.000000000
301.41910	288.666656494
301.42511	281.000000000
301.43109	285.000000000
301.43707	293.666656494
301.44305	281.333312988
301.44907	291.000000000
301.45505	295.666656494
301.46103	298.666656494
301.46701	303.000000000
301.47299	278.333312988
301.47897	255.000000000
301.48499	288.666656494
301.49097	276.000000000
301.49695	277.000000000
301.50293	292.333312988
301.50891	271.000000000
301.51489	285.333312988
301.52090	284.333312988
301.52689	285.000000000
301.53287	297.000000000
301.53885	272.000000000
301.54483	286.666656494
301.55081	281.666656494
301.55682	273.333312988
301.56281	290.666656494
301.56879	269.666656494
301.57477	294.000000000
301.58075	294.000000000
301.58673	288.666656494
301.59271	275.333312988
301.59869	284.000000000
301.60468	290.000000000
301.61069	305.666656494
301.61667	295.333312988
301.62265	289.666656494
301.62863	277.666656494
301.63461	310.000000000
301.64059	310.666656494
301.64658	287.666656494
301.65256	279.333312988
301.65854	272.333312988
301.66452	260.000000000
301.67050	289.000000000
301.67648	270.333312988
301.68250	296.000000000
301.68848	295.333312988
301.69446	288.666656494
301.70044	296.333312988
301.70642	295.000000000
301.71240	280.666656494
301.71838	282.333312988
301.72437	300.333312988
301.73035	296.000000000
301.73633	313.333312988
301.74231	336.666656494
301.74829	339.333312988
301.75427	388.333312988
301.76025	432.333312988
301.76624	682.000000000
301.77222	1108.333312988
301.77820	1023.666656494
301.78418	622.666656494
301.79016	383.333312988
301.79614	311.666656494
301.80212	280.666656494
301.80811	270.000000000
301.81409	291.000000000
301.82007	292.666656494
301.82605	294.666656494
301.83203	291.666656494
301.83801	311.000000000
301.84399	303.666656494
301.84998	275.666656494
301.85596	279.000000000
301.86194	271.333312988
301.86789	285.000000000
301.87387	287.666656494
301.87985	296.000000000
301.88583	285.666656494
301.89182	300.000000000
301.89780	284.000000000
301.90378	291.333312988
301.90976	294.000000000
301.91574	279.333312988
301.92172	280.333312988
301.92770	284.333312988
301.93369	298.000000000
301.93964	279.666656494
301.94562	288.000000000
301.95160	287.000000000
301.95758	276.666656494
301.96356	287.000000000
301.96954	295.000000000
301.97552	286.333312988
301.98151	288.000000000
301.98746	277.666656494
301.99344	296.333312988
301.99942	287.000000000
302.00540	288.000000000
302.01138	275.000000000
302.01736	301.333312988
302.02335	298.000000000
302.02930	284.333312988
302.03528	279.000000000
302.04126	276.000000000
302.04724	313.333312988
302.05322	289.333312988
302.05920	285.000000000
302.06516	268.666656494
302.07114	280.000000000
302.07712	286.000000000
302.08310	294.666656494
302.08908	272.666656494
302.09503	290.666656494
302.10101	291.666656494
302.10699	300.666656494
302.11298	309.333312988
302.11896	304.000000000
302.12491	276.666656494
302.13089	275.333312988
302.13687	279.000000000
302.14285	289.333312988
302.14880	301.000000000
302.15479	275.666656494
302.16077	285.000000000
302.16675	286.666656494
302.17273	299.666656494
302.17868	291.000000000
302.18466	298.000000000
302.19064	296.333312988
302.19659	294.666656494
302.20258	294.333312988
302.20856	285.000000000
302.21454	291.666656494
302.22049	304.333312988
302.22647	320.333312988
302.23245	386.666656494
302.23843	349.666656494
302.24438	420.666656494
302.25037	553.333312988
302.25635	988.333312988
302.26230	1371.333312988
302.26828	960.666656494
302.27426	539.000000000
302.28021	349.000000000
302.28619	330.000000000
302.29218	300.000000000
302.29813	290.000000000
302.30411	281.000000000
302.31009	292.333312988
302.31604	307.000000000
302.32202	307.000000000
302.32800	316.333312988
302.33395	322.000000000
302.33994	340.333312988
302.34592	335.333312988
302.35187	384.000000000
302.35785	475.000000000
302.36383	723.000000000
302.36978	835.333312988
302.37576	872.666656494
302.38171	1137.333312988
302.38770	1123.000000000
302.39368	721.666656494
302.39963	515.000000000
302.40561	477.000000000
302.41156	463.000000000
302.41754	451.666656494
302.42352	649.000000000
302.42947	1021.333312988
302.43546	1273.000000000
302.44141	935.333312988
302.44739	582.000000000
302.45337	478.666656494
302.45932	399.666656494
302.46530	323.000000000
302.47125	355.333312988
302.47723	364.000000000
302.48318	384.666656494
302.48917	453.333312988
302.49512	525.333312988
302.50110	876.000000000
302.50708	1414.666656494
302.51303	1419.000000000
302.51901	1170.333312988
302.52496	1117.666656494
302.53094	764.333312988
302.53690	469.333312988
302.54288	369.000000000
302.54883	357.333312988
302.55481	334.666656494
302.56076	351.000000000
302.56674	340.000000000
302.57269	344.666656494
302.57867	377.333312988
302.58463	489.666656494
302.59061	550.000000000
302.59656	646.666656494
302.60254	1055.333312988
302.60849	2164.000000000
302.61447	2957.000000000
302.62042	2210.000000000
302.62640	1537.666656494
302.63235	981.333312988
302.63831	694.000000000
302.64429	675.666656494
302.65024	736.000000000
302.65622	497.500000000
302.66217	387.500000000
302.66815	357.000000000
302.67410	370.000000000
302.68008	367.333312988
302.68604	365.333312988
302.69199	351.666656494
302.69797	361.333312988
302.70392	433.000000000
302.70990	562.333312988
302.71585	696.000000000
302.72180	897.333312988
302.72778	1276.000000000
302.73373	2581.333312988
302.73972	5107.666656494
302.74567	5422.333312988
302.75162	3925.000000000
302.75760	2512.666656494
302.76355	1224.333312988
302.76953	692.666656494
302.77548	630.333312988
302.78143	826.666656494
302.78741	974.666656494
302.79337	948.666656494
302.79932	907.000000000
302.80530	905.666656494
302.81125	1139.333312988
302.81720	934.333312988
302.82318	627.333312988
302.82913	461.666656494
302.83508	446.666656494
302.84106	560.000000000
302.84702	771.000000000
302.85297	805.333312988
302.85895	863.333312988
302.86490	1108.000000000
302.87085	1457.333312988
302.87683	2305.000000000
302.88278	4477.333312988
302.88873	8593.666656494
302.89468	9387.000000000
302.90067	7330.333312988
302.90662	3946.000000000
302.91257	1612.000000000
302.91855	757.000000000
302.92450	529.000000000
302.93045	558.333312988
302.93640	781.000000000
302.94238	755.333312988
302.94833	551.333312988
302.95428	417.333312988
302.96024	386.000000000
302.96622	413.000000000
302.97217	419.000000000
302.97812	452.666656494
302.98407	599.333312988
302.99005	732.666656494
302.99600	641.666656494
303.00195	512.333312988
303.00790	605.333312988
303.01385	771.000000000
303.01984	851.000000000
303.02579	1130.000000000
303.03174	1528.000000000
303.03769	2009.000000000
303.04367	3522.333312988
303.04962	7843.333312988
303.05557	13195.333312988
303.06152	13092.333312988
303.06747	8479.666656494
303.07343	4084.666656494
303.07941	1646.333312988
303.08536	782.000000000
303.09131	496.666656494
303.09726	417.666656494
303.10321	417.666656494
303.10916	414.000000000
303.11514	422.666656494
303.12109	407.000000000
303.12704	421.000000000
303.13300	529.333312988
303.13895	676.333312988
303.14490	570.333312988
303.15085	432.333312988
303.15683	399.000000000
303.16278	389.666656494
303.16873	395.000000000
303.17468	403.000000000
303.18063	438.333312988
303.18658	497.666656494
303.19254	670.000000000
303.19849	1061.333312988
303.20444	1447.000000000
303.21039	1988.666656494
303.21637	3336.333312988
303.22232	7499.000000000
303.22827	13376.000000000
303.23422	13136.666656494
303.24017	7618.333312988
303.24612	4720.333312988
303.25208	2710.000000000
303.25803	1482.333312988
303.26398	829.333312988
303.26993	538.000000000
303.27588	452.666656494
303.28183	408.666656494
303.28778	416.666656494
303.29373	414.333312988
303.29968	388.333312988
303.30563	401.333312988
303.31158	396.333312988
303.31754	409.333312988
303.32349	464.000000000
303.32944	578.666656494
303.33539	518.333312988
303.34134	432.000000000
303.34729	400.000000000
303.35324	363.333312988
303.35919	352.000000000
303.36514	344.666656494
303.37109	367.333312988
303.37704	352.666656494
303.38300	366.666656494
303.38895	354.000000000
303.39490	362.666656494
303.40085	359.333312988
303.40680	368.333312988
303.41275	378.000000000
303.41870	362.000000000
303.42465	369.333312988
303.43060	435.666656494
303.43655	572.000000000
303.44250	673.333312988
303.44846	785.333312988
303.45441	1220.333312988
303.46036	2627.333312988
303.46631	4576.333312988
303.47226	3656.333312988
303.47818	1713.333312988
303.48413	735.333312988
303.49008	502.666656494
303.49603	396.333312988
303.50198	394.666656494
303.50793	382.333312988
303.51389	361.000000000
303.51984	379.666656494
303.52579	383.000000000
303.53174	393.666656494
303.53766	464.000000000
303.54361	574.333312988
303.54956	513.333312988
303.55551	483.666656494
303.56146	554.000000000
303.56741	581.666656494
303.57336	451.333312988
303.57928	408.333312988
303.58524	379.000000000
303.59119	350.333312988
303.59714	321.666656494
303.60309	330.333312988
303.60904	352.333312988
303.61496	342.666656494
303.62091	338.333312988
303.62686	346.333312988
303.63281	358.333312988
303.63876	366.333312988
303.64471	355.666656494
303.65063	341.666656494
303.65659	359.333312988
303.66254	348.333312988
303.66849	371.666656494
303.67441	355.333312988
303.68036	364.333312988
303.68631	379.333312988
303.69226	393.666656494
303.69821	462.666656494
303.70413	588.333312988
303.71008	793.333312988
303.71603	970.666656494
303.72198	1306.333312988
303.72791	2544.333312988
303.73386	5686.333312988
303.73981	6815.000000000
303.74576	3846.333312988
303.75168	1565.666656494
303.75763	706.000000000
303.76358	486.666656494
303.76953	427.333312988
303.77545	418.666656494
303.78140	388.666656494
303.78735	404.333312988
303.79327	387.666656494
303.79922	415.666656494
303.80518	428.333312988
303.81113	453.333312988
303.81705	457.333312988
303.82300	487.666656494
303.82895	546.666656494
303.83487	682.333312988
303.84082	1050.666656494
303.84677	1838.000000000
303.85269	3014.333312988
303.85864	4265.000000000
303.86459	5924.666656494
303.87051	11600.333312988
303.87646	28897.333312988
303.88242	46668.333312988
303.88834	33613.000000000
303.89429	13709.666656494
303.90024	4457.666656494
303.90616	1696.666656494
303.91211	937.000000000
303.91803	703.666656494
303.92398	603.666656494
303.92993	565.000000000
303.93585	515.666656494
303.94180	520.666656494
303.94772	485.000000000
303.95367	488.666656494
303.95963	515.000000000
303.96555	526.000000000
303.97150	533.333312988
303.97742	556.666656494
303.98337	625.000000000
303.98932	732.333312988
303.99524	1113.666656494
304.00119	1972.000000000
304.00711	3298.333312988
304.01306	4709.333312988
304.01898	6771.000000000
304.02493	13896.333312988
304.03088	33448.000000000
304.03680	49578.666656494
304.04276	35353.000000000
304.04868	16153.666656494
304.05463	7996.666656494
304.06055	8467.000000000
304.06650	8235.666656494
304.07242	4372.666656494
304.07837	1885.000000000
304.08429	966.000000000
304.09024	722.000000000
304.09616	626.000000000
304.10211	598.000000000
304.10803	600.333312988
304.11398	562.666656494
304.11990	581.333312988
304.12585	576.333312988
304.13177	622.666656494
304.13773	646.000000000
304.14365	669.333312988
304.14960	754.000000000
304.15552	1033.666656494
304.16147	1725.000000000
304.16739	3117.666656494
304.17334	4693.666656494
304.17926	6834.333312988
304.18521	11883.000000000
304.19113	26370.333312988
304.19705	47062.666656494
304.20300	53238.333312988
304.20892	51015.666656494
304.21487	30879.333312988
304.22079	12296.333312988
304.22675	4163.666656494
304.23267	1711.666656494
304.23859	1036.000000000
304.24454	845.666656494
304.25046	815.666656494
304.25641	747.000000000
304.26233	652.333312988
304.26825	614.666656494
304.27420	598.000000000
304.28012	601.000000000
304.28607	573.333312988
304.29199	583.666656494
304.29791	583.333312988
304.30386	538.000000000
304.30978	549.333312988
304.31573	576.666656494
304.32166	602.333312988
304.32758	649.666656494
304.33353	827.000000000
304.33945	1331.333312988
304.34537	2102.333312988
304.35132	2845.666656494
304.35724	4057.666656494
304.36316	8137.333312988
304.36911	19160.666656494
304.37503	26916.000000000
304.38095	18140.000000000
304.38690	9092.333312988
304.39282	3600.333312988
304.39874	1510.666656494
304.40469	865.333312988
304.41061	717.000000000
304.41653	729.333312988
304.42245	895.333312988
304.42841	992.333312988
304.43433	1229.666656494
304.44025	1903.333312988
304.44620	4190.666656494
304.45212	6398.666656494
304.45804	4493.000000000
304.46396	2104.333312988
304.46991	942.333312988
304.47583	619.666656494
304.48175	541.000000000
304.48767	510.333312988
304.49362	500.666656494
304.49954	522.666656494
304.50546	490.666656494
304.51138	516.666656494
304.51733	530.000000000
304.52325	598.000000000
304.52917	718.666656494
304.53510	1042.333312988
304.54102	1499.333312988
304.54697	1847.333312988
304.55289	2515.666656494
304.55881	4928.666656494
304.56473	11231.666656494
304.57065	14968.333312988
304.57660	9570.000000000
304.58252	4900.000000000
304.58844	2178.333312988
304.59436	998.666656494
304.60028	655.666656494
304.60623	557.333312988
304.61215	538.666656494
304.61807	485.333312988
304.62399	535.000000000
304.62991	543.666656494
304.63583	596.333312988
304.64175	632.000000000
304.64771	819.666656494
304.65363	1352.666656494
304.65955	2314.666656494
304.66547	3520.666656494
304.67139	4669.666656494
304.67731	8182.666656494
304.68323	19995.000000000
304.68918	37969.333312988
304.69510	32241.000000000
304.70102	14245.333312988
304.70694	4877.666656494
304.71286	1731.000000000
304.71878	942.000000000
304.72470	734.333312988
304.73062	643.000000000
304.73654	555.333312988
304.74246	552.000000000
304.74838	639.000000000
304.75433	782.666656494
304.76025	948.333312988
304.76617	1130.333312988
304.77209	1525.333312988
304.77802	2994.666656494
304.78394	6124.666656494
304.78986	6943.333312988
304.79578	4057.666656494
304.80170	2125.666656494
304.80762	1161.000000000
304.81354	693.666656494
304.81946	545.000000000
304.82538	496.666656494
304.83130	439.000000000
304.83722	454.666656494
304.84314	476.666656494
304.84906	443.333312988
304.85498	429.666656494
304.86090	432.000000000
304.86682	471.333312988
304.87274	427.666656494
304.87866	427.666656494
304.88458	441.333312988
304.89050	435.333312988
304.89642	442.666656494
304.90234	430.333312988
304.90826	446.333312988
304.91418	420.333312988
304.92010	435.333312988
304.92603	444.666656494
304.93195	427.666656494
304.93787	450.333312988
304.94379	461.666656494
304.94971	488.333312988
304.95563	547.000000000
304.96155	556.333312988
304.96744	542.333312988
304.97336	530.000000000
304.97928	572.333312988
304.98520	636.666656494
304.99112	743.666656494
304.99704	1045.666656494
305.00296	1781.000000000
305.00888	3144.333312988
305.01480	5213.333312988
305.02072	7777.333312988
305.02664	13728.666656494
305.03253	28385.333312988
305.03845	52235.666656494
305.04437	61303.333312988
305.05029	36029.666656494
305.05621	14183.000000000
305.06213	5658.333312988
305.06805	3959.666656494
305.07394	4788.666656494
305.07986	7565.333312988
305.08578	13342.000000000
305.09171	23394.666656494
305.09763	31214.666656494
305.10355	32458.000000000
305.10947	26131.333312988
305.11536	12455.000000000
305.12128	4791.333312988
305.12720	1990.000000000
305.13312	1317.000000000
305.13904	1366.333312988
305.14493	2068.333312988
305.15085	3105.000000000
305.15677	4230.333312988
305.16269	6111.666656494
305.16861	12394.000000000
305.17450	28946.000000000
305.18042	39787.000000000
305.18634	27603.666656494
305.19226	18647.666656494
305.19818	14768.000000000
305.20407	7917.000000000
305.20999	3361.000000000
305.21591	1494.333312988
305.22183	948.333312988
305.22772	734.000000000
305.23364	666.000000000
305.23956	645.000000000
305.24548	626.333312988
305.25137	606.333312988
305.25729	562.333312988
305.26321	551.000000000
305.26913	607.333312988
305.27502	626.333312988
305.28094	687.666656494
305.28687	737.333312988
305.29276	995.000000000
305.29868	1636.666656494
305.30460	1817.666656494
305.31049	1470.333312988
305.31641	1334.666656494
305.32233	1597.000000000
305.32825	2157.000000000
305.33414	3604.333312988
305.34006	5990.000000000
305.34598	5415.333312988
305.35187	2689.333312988
305.35779	1208.333312988
305.36371	721.333312988
305.36960	601.666656494
305.37552	559.333312988
305.38144	525.333312988
305.38733	571.000000000
305.39325	668.666656494
305.39914	885.000000000
305.40506	1317.666656494
305.41098	1925.000000000
305.41687	2521.666656494
305.42279	4012.000000000
305.42871	9265.333312988
305.43460	18230.000000000
305.44052	17312.333312988
305.44641	8315.333312988
305.45233	3136.000000000
305.45825	1262.000000000
305.46414	715.666656494
305.47006	607.333312988
305.47595	569.000000000
305.48187	529.000000000
305.48776	584.000000000
305.49368	602.333312988
305.49960	668.666656494
305.50549	802.333312988
305.51141	976.000000000
305.51730	1342.333312988
305.52322	2260.666656494
305.52911	2944.666656494
305.53503	2048.333312988
305.54092	1099.666656494
305.54684	666.333312988
305.55276	518.000000000
305.55865	495.333312988
305.56458	512.666656494
305.57047	521.000000000
305.57639	541.000000000
305.58228	578.666656494
305.58820	612.333312988
305.59409	844.000000000
305.60001	1271.333312988
305.60590	1206.333312988
305.61182	790.666656494
305.61771	626.000000000
305.62363	565.666656494
305.62952	572.333312988
305.63544	661.666656494
305.64133	891.000000000
305.64722	1442.666656494
305.65314	2404.333312988
305.65903	3295.666656494
305.66495	4894.333312988
305.67084	10387.000000000
305.67676	23994.000000000
305.68265	31618.000000000
305.68857	21870.333312988
305.69446	18148.333312988
305.70035	27599.000000000
305.70627	31410.000000000
305.71216	18097.666656494
305.71808	7163.000000000
305.72397	2628.666656494
305.72989	1277.000000000
305.73578	968.333312988
305.74167	972.000000000
305.74759	1292.666656494
305.75348	1641.000000000
305.75940	1294.000000000
305.76529	786.333312988
305.77118	604.666656494
305.77710	516.000000000
305.78299	482.333312988
305.78888	458.666656494
305.79480	464.000000000
305.80069	441.333312988
305.80661	455.333312988
305.81250	458.000000000
305.81839	438.666656494
305.82431	428.000000000
305.83020	443.666656494
305.83609	422.000000000
305.84201	418.666656494
305.84790	433.333312988
305.85379	422.000000000
305.85971	427.333312988
305.86560	435.666656494
305.87149	409.666656494
305.87738	404.000000000
305.88330	394.333312988
305.88919	443.333312988
305.89508	435.666656494
305.90100	452.333312988
305.90689	455.333312988
305.91278	531.333312988
305.91870	543.333312988
305.92459	881.666656494
305.93048	1271.666656494
305.93637	1154.333312988
305.94229	827.000000000
305.94818	580.333312988
305.95407	499.666656494
305.95996	470.333312988
305.96588	459.333312988
305.97177	418.666656494
305.97766	507.666656494
305.98355	580.000000000
305.98947	828.000000000
305.99536	1386.333312988
306.00125	2289.666656494
306.00714	3587.666656494
306.01303	5357.333312988
306.01895	9453.666656494
306.02484	20355.333312988
306.03073	34316.333312988
306.03662	31391.333312988
306.04251	16023.000000000
306.04843	5838.333312988
306.05432	2063.333312988
306.06021	987.666656494
306.06610	696.000000000
306.07199	575.000000000
306.07791	536.666656494
306.08380	511.666656494
306.08969	481.666656494
306.09558	469.666656494
306.10147	468.333312988
306.10736	455.333312988
306.11325	456.000000000
306.11917	477.333312988
306.12506	440.333312988
306.13095	442.666656494
306.13684	460.666656494
306.14273	448.000000000
306.14862	473.333312988
306.15451	506.666656494
306.16040	640.333312988
306.16632	942.666656494
306.17221	1464.000000000
306.17810	2009.000000000
306.18399	2705.666656494
306.18988	5246.000000000
306.19577	12684.666656494
306.20166	18427.000000000
306.20755	12371.666656494
306.21344	5080.666656494
306.21933	1831.333312988
306.22522	830.666656494
306.23111	579.000000000
306.23703	507.333312988
306.24292	457.000000000
306.24881	466.666656494
306.25470	461.000000000
306.26059	452.000000000
306.26648	494.000000000
306.27237	546.666656494
306.27826	601.000000000
306.28415	848.000000000
306.29004	1372.333312988
306.29593	1594.666656494
306.30182	1238.333312988
306.30771	1030.000000000
306.31360	1258.666656494
306.31949	1235.666656494
306.32538	833.666656494
306.33127	553.666656494
306.33716	460.000000000
306.34305	432.333312988
306.34894	399.666656494
306.35483	461.333312988
306.36072	491.000000000
306.36661	536.000000000
306.37250	712.666656494
306.37839	1163.000000000
306.38428	1856.333312988
306.39017	2722.333312988
306.39606	4143.666656494
306.40195	8570.333312988
306.40781	16721.666656494
306.41370	23267.666656494
306.41959	19658.666656494
306.42548	9499.333312988
306.43137	3565.333312988
306.43726	1378.333312988
306.44315	760.333312988
306.44904	563.000000000
306.45493	498.666656494
306.46082	469.333312988
306.46671	448.333312988
306.47260	444.666656494
306.47845	420.333312988
306.48434	435.666656494
306.49023	407.333312988
306.49612	409.666656494
306.50201	407.000000000
306.50790	395.333312988
306.51379	400.666656494
306.51968	382.333312988
306.52554	391.000000000
306.53143	371.666656494
306.53732	371.666656494
306.54321	358.333312988
306.54910	365.333312988
306.55499	388.666656494
306.56085	380.000000000
306.56674	364.000000000
306.57263	373.666656494
306.57852	360.000000000
306.58441	377.666656494
306.59030	358.666656494
306.59616	355.666656494
306.60205	389.666656494
306.60794	370.000000000
306.61383	387.666656494
306.61972	416.000000000
306.62558	460.666656494
306.63147	467.000000000
306.63736	541.000000000
306.64325	777.000000000
306.64911	1280.000000000
306.65500	1439.666656494
306.66089	1165.333312988
306.66678	1014.666656494
306.67267	1146.000000000
306.67853	1751.666656494
306.68442	3642.666656494
306.69031	6020.000000000
306.69617	5256.000000000
306.70206	2734.333312988
306.70795	1496.333312988
306.71384	1243.333312988
306.71970	1334.666656494
306.72559	1727.666656494
306.73148	3305.333312988
306.73737	7239.333312988
306.74323	9756.333312988
306.74911	6403.666656494
306.75500	2757.000000000
306.76086	1124.666656494
306.76675	594.333312988
306.77264	472.333312988
306.77850	404.333312988
306.78439	406.000000000
306.79028	465.333312988
306.79614	487.000000000
306.80203	648.666656494
306.80792	908.666656494
306.81378	1383.333312988
306.81967	2067.333312988
306.82556	3397.000000000
306.83142	6389.333312988
306.83731	10841.333312988
306.84320	14726.000000000
306.84906	12386.000000000
306.85495	5844.000000000
306.86081	2294.666656494
306.86670	939.333312988
306.87259	592.333312988
306.87845	511.000000000
306.88434	460.000000000
306.89023	403.000000000
306.89609	382.666656494
306.90198	380.666656494
306.90784	383.333312988
306.91373	359.333312988
306.91959	349.666656494
306.92548	350.000000000
306.93137	344.000000000
306.93723	346.000000000
306.94312	333.333312988
306.94897	344.666656494
306.95486	336.333312988
306.96072	364.333312988
306.96661	358.333312988
306.97247	332.333312988
306.97836	334.333312988
306.98425	363.000000000
306.99011	363.666656494
306.99600	407.000000000
307.00186	463.333312988
307.00775	479.666656494
307.01361	594.000000000
307.01950	945.000000000
307.02536	1308.333312988
307.03125	1122.666656494
307.03711	666.000000000
307.04300	442.333312988
307.04886	378.666656494
307.05475	330.333312988
307.06061	329.000000000
307.06650	336.000000000
307.07236	333.000000000
307.07825	344.333312988
307.08411	357.666656494
307.08997	382.333312988
307.09586	439.333312988
307.10172	484.333312988
307.10760	721.000000000
307.11346	1155.000000000
307.11935	1256.666656494
307.12521	864.000000000
307.13110	506.000000000
307.13696	407.666656494
307.14282	344.333312988
307.14871	357.000000000
307.15457	331.333312988
307.16046	332.000000000
307.16632	313.333312988
307.17218	333.666656494
307.17807	308.000000000
307.18393	308.666656494
307.18982	304.333312988
307.19568	335.333312988
307.20154	351.333312988
307.20743	330.666656494
307.21329	326.000000000
307.21918	331.333312988
307.22504	349.333312988
307.23090	320.666656494
307.23679	329.000000000
307.24265	325.000000000
307.24850	340.666656494
307.25439	352.000000000
307.26025	379.333312988
307.26611	439.666656494
307.27200	548.333312988
307.27786	809.333312988
307.28372	1192.000000000
307.28961	1729.333312988
307.29547	3014.000000000
307.30133	5995.333312988
307.30722	9225.666656494
307.31308	10624.000000000
307.31894	8796.666656494
307.32480	4525.000000000
307.33069	1856.000000000
307.33655	799.666656494
307.34241	483.333312988
307.34830	427.333312988
307.35416	388.666656494
307.36002	364.666656494
307.36588	374.666656494
307.37177	448.666656494
307.37762	580.333312988
307.38348	693.000000000
307.38934	787.666656494
307.39523	1326.666656494
307.40109	2776.333312988
307.40695	4134.333312988
307.41281	3270.666656494
307.41870	1668.666656494
307.42456	958.333312988
307.43042	1008.666656494
307.43628	1289.666656494
307.44214	1016.666656494
307.44803	604.666656494
307.45389	422.333312988
307.45975	334.666656494
307.46561	321.000000000
307.47147	321.000000000
307.47736	298.666656494
307.48322	312.000000000
307.48907	321.666656494
307.49493	298.000000000
307.50079	295.000000000
307.50665	300.666656494
307.51254	305.666656494
307.51840	315.000000000
307.52426	324.666656494
307.53012	306.333312988
307.53598	307.000000000
307.54184	335.333312988
307.54770	362.666656494
307.55359	394.333312988
307.55945	427.666656494
307.56531	469.666656494
307.57117	692.333312988
307.57703	1042.333312988
307.58289	1037.666656494
307.58875	672.333312988
307.59460	433.666656494
307.60046	353.000000000
307.60635	321.333312988
307.61221	345.000000000
307.61807	312.333312988
307.62393	297.000000000
307.62979	317.666656494
307.63565	293.333312988
307.64151	294.000000000
307.64737	293.000000000
307.65323	294.666656494
307.65909	302.666656494
307.66495	334.000000000
307.67081	324.666656494
307.67667	319.666656494
307.68253	322.666656494
307.68839	351.333312988
307.69424	345.666656494
307.70010	312.000000000
307.70596	309.333312988
307.71182	312.000000000
307.71771	351.000000000
307.72357	346.666656494
307.72943	354.666656494
307.73529	324.000000000
307.74115	320.333312988
307.74698	324.333312988
307.75284	307.333312988
307.75870	308.666656494
307.76456	286.000000000
307.77042	303.333312988
307.77628	332.666656494
307.78214	367.666656494
307.78799	410.333312988
307.79385	503.333312988
307.79971	690.666656494
307.80557	1067.000000000
307.81143	1580.666656494
307.81729	2244.666656494
307.82315	3541.000000000
307.82901	3624.000000000
307.83487	2150.333312988
307.84073	1036.000000000
307.84659	523.000000000
307.85245	412.333312988
307.85828	405.666656494
307.86414	455.000000000
307.87000	528.333312988
307.87585	790.000000000
307.88171	1244.666656494
307.88757	1631.333312988
307.89343	2098.000000000
307.89929	2094.000000000
307.90515	1299.333312988
307.91101	649.000000000
307.91684	430.000000000
307.92270	342.000000000
307.92856	281.666656494
307.93442	274.000000000
307.94028	294.333312988
307.94614	295.666656494
307.95197	265.333312988
307.95782	286.333312988
307.96368	270.666656494
307.96954	276.666656494
307.97540	278.000000000
307.98126	293.000000000
307.98709	267.666656494
307.99295	278.333312988
307.99881	292.666656494
308.00467	316.000000000
308.01053	280.333312988
308.01636	274.333312988
308.02222	262.000000000
308.02808	285.333312988
308.03394	313.333312988
308.03979	310.666656494
308.04562	323.333312988
308.05148	342.000000000
308.05734	357.000000000
308.06320	404.333312988
308.06903	514.333312988
308.07489	777.666656494
308.08075	900.333312988
308.08661	617.333312988
308.09244	409.666656494
308.09830	316.000000000
308.10416	288.000000000
308.11002	266.666656494
308.11584	282.000000000
308.12170	286.333312988
308.12756	294.000000000
308.13339	315.333312988
308.13925	371.000000000
308.14511	451.333312988
308.15097	519.333312988
308.15680	677.666656494
308.16266	1281.000000000
308.16852	2212.666656494
308.17435	2421.000000000
308.18021	1407.000000000
308.18607	695.000000000
308.19189	423.333312988
308.19775	332.000000000
308.20361	297.333312988
308.20944	327.000000000
308.21530	305.333312988
308.22116	298.666656494
308.22699	283.000000000
308.23285	297.666656494
308.23871	284.000000000
308.24454	271.333312988
308.25040	279.666656494
308.25623	285.000000000
308.26208	260.000000000
308.26794	315.333312988
308.27377	329.666656494
308.27963	330.666656494
308.28546	347.000000000
308.29132	345.666656494
308.29718	373.333312988
308.30301	378.000000000
308.30887	392.666656494
308.31470	333.333312988
308.32056	329.000000000
308.32642	340.000000000
308.33224	379.333312988
308.33810	422.333312988
308.34393	517.000000000
308.34979	637.000000000
308.35562	884.666656494
308.36148	1238.000000000
308.36731	1884.333312988
308.37317	2315.333312988
308.37903	1676.666656494
308.38486	904.333312988
308.39072	502.666656494
308.39655	352.333312988
308.40240	338.000000000
308.40823	356.666656494
308.41409	349.666656494
308.41992	350.666656494
308.42578	303.000000000
308.43161	295.333312988
308.43747	294.000000000
308.44330	306.000000000
308.44916	276.000000000
308.45499	311.666656494
308.46082	334.333312988
308.46667	371.000000000
308.47250	304.666656494
308.47836	312.000000000
308.48419	338.333312988
308.49005	352.333312988
308.49588	395.666656494
308.50174	519.333312988
308.50757	766.333312988
308.51343	1081.666656494
308.51926	994.666656494
308.52509	688.333312988
308.53094	483.666656494
308.53677	353.666656494
308.54263	304.666656494
308.54846	271.666656494
308.55429	264.666656494
308.56015	276.333312988
308.56598	262.666656494
308.57184	292.333312988
308.57767	321.333312988
308.58350	338.333312988
308.58936	345.666656494
308.59518	367.333312988
308.60104	449.666656494
308.60687	633.000000000
308.61270	812.333312988
308.61856	792.333312988
308.62439	498.333312988
308.63022	403.000000000
308.63608	361.333312988
308.64191	445.333312988
308.64774	506.333312988
308.65359	503.666656494
308.65942	420.333312988
308.66525	356.333312988
308.67111	312.333312988
308.67694	311.000000000
308.68277	285.333312988
308.68863	303.666656494
308.69446	296.333312988
308.70029	292.000000000
308.70612	259.666656494
308.71198	270.333312988
308.71780	254.000000000
308.72363	254.333312988
308.72949	259.000000000
308.73532	310.000000000
308.74115	294.000000000
308.74698	305.666656494
308.75284	337.666656494
308.75867	376.333312988
308.76450	373.000000000
308.77032	388.333312988
308.77618	424.333312988
308.78201	505.666656494
308.78784	589.666656494
308.79367	647.000000000
308.79953	555.333312988
308.80536	441.000000000
308.81119	378.666656494
308.81702	344.666656494
308.82285	361.000000000
308.82870	342.000000000
308.83453	338.333312988
308.84036	323.333312988
308.84619	285.666656494
308.85202	355.333312988
308.85788	356.000000000
308.86371	377.000000000
308.86954	344.666656494
308.87537	355.000000000
308.88120	412.666656494
308.88702	543.000000000
308.89288	776.666656494
308.89871	773.666656494
308.90454	546.000000000
308.91037	376.333312988
308.91620	304.666656494
308.92203	342.333312988
308.92786	409.666656494
308.93369	503.333312988
308.93954	562.666656494
308.94537	740.000000000
308.95120	1106.000000000
308.95703	1277.666656494
308.96286	1061.666656494
308.96869	888.666656494
308.97452	1208.333312988
308.98035	1497.333312988
308.98618	1184.666656494
308.99200	674.666656494
308.99786	405.666656494
309.00369	361.000000000
309.00952	342.000000000
309.01535	337.000000000
309.02118	330.666656494
309.02701	319.000000000
309.03284	303.333312988
309.03867	284.000000000
309.04449	284.000000000
309.05032	275.000000000
309.05615	279.666656494
309.06198	281.000000000
309.06781	308.000000000
309.07364	360.333312988
309.07947	398.666656494
309.08530	399.333312988
309.09113	346.000000000
309.09695	330.666656494
309.10278	306.000000000
309.10861	269.333312988
309.11444	298.000000000
309.12027	324.666656494
309.12610	331.000000000
309.13193	360.000000000
309.13776	404.000000000
309.14359	427.666656494
309.14941	535.666656494
309.15524	718.333312988
309.16107	774.666656494
309.16690	592.000000000
309.17273	437.666656494
309.17856	502.333312988
309.18439	729.666656494
309.19022	809.333312988
309.19604	595.333312988
309.20187	403.666656494
309.20767	336.333312988
309.21350	339.666656494
309.21933	327.666656494
309.22516	313.000000000
309.23099	318.333312988
309.23682	326.000000000
309.24265	310.000000000
309.24847	312.000000000
309.25430	303.333312988
309.26013	307.333312988
309.26593	339.000000000
309.27176	357.000000000
309.27759	399.333312988
309.28342	413.000000000
309.28925	359.000000000
309.29507	298.000000000
309.30090	282.333312988
309.30670	288.666656494
309.31253	306.666656494
309.31836	287.333312988
309.32419	301.333312988
309.33002	296.666656494
309.33585	251.000000000
309.34164	291.000000000
309.34747	330.333312988
309.35330	335.666656494
309.35913	345.333312988
309.36496	306.666656494
309.37076	307.000000000
309.37659	272.333312988
309.38242	287.333312988
309.38824	294.333312988
309.39407	296.000000000
309.39987	296.333312988
309.40570	273.666656494
309.41153	244.666656494
309.41736	287.666656494
309.42316	300.666656494
309.42899	291.333312988
309.43481	314.333312988
309.44064	310.333312988
309.44644	383.666656494
309.45227	553.000000000
309.45810	737.666656494
309.46393	662.666656494
309.46973	457.666656494
309.47556	360.333312988
309.48138	315.666656494
309.48721	284.333312988
309.49301	287.333312988
309.49884	313.666656494
309.50467	313.000000000
309.51047	305.333312988
309.51630	325.666656494
309.52213	342.666656494
309.52792	378.333312988
309.53375	441.666656494
309.53958	460.666656494
309.54538	390.666656494
309.55121	403.666656494
309.55704	424.000000000
309.56284	487.666656494
309.56866	649.000000000
309.57449	798.333312988
309.58029	679.666656494
309.58612	687.666656494
309.59195	999.333312988
309.59775	1148.666656494
309.60358	1026.000000000
309.60938	659.333312988
309.61520	465.000000000
309.62103	401.333312988
309.62683	380.333312988
309.63266	399.666656494
309.63846	386.333312988
309.64429	419.333312988
309.65012	486.333312988
309.65591	483.666656494
309.66174	445.000000000
309.66754	384.666656494
309.67337	371.666656494
309.67920	384.000000000
309.68500	381.000000000
309.69083	417.333312988
309.69662	431.333312988
309.70245	352.666656494
309.70825	344.333312988
309.71408	326.666656494
309.71988	353.000000000
309.72571	412.333312988
309.73151	420.000000000
309.73734	401.000000000
309.74316	381.000000000
309.74896	546.000000000
309.75479	909.333312988
309.76059	1157.333312988
309.76642	972.333312988
309.77222	591.000000000
309.77805	407.000000000
309.78384	333.333312988
309.78967	366.333312988
309.79547	495.000000000
309.80127	645.000000000
309.80710	581.666656494
309.81290	492.333312988
309.81873	570.000000000
309.82452	914.000000000
309.83035	1213.333312988
309.83615	1054.000000000
309.84198	708.000000000
309.84778	538.666656494
309.85361	433.333312988
309.85941	332.333312988
309.86520	275.333312988
309.87103	276.000000000
309.87683	285.666656494
309.88266	268.333312988
309.88846	267.333312988
309.89426	291.333312988
309.90009	334.333312988
309.90588	412.000000000
309.91171	627.000000000
309.91751	920.000000000
309.92331	1014.666656494
309.92914	1053.000000000
309.93494	1126.000000000
309.94077	902.333312988
309.94656	603.666656494
309.95236	372.333312988
309.95819	285.666656494
309.96399	275.666656494
309.96979	249.333312988
309.97562	236.000000000
309.98141	227.333312988
309.98721	225.666656494
309.99304	261.666656494
309.99884	231.000000000
310.00464	207.666656494
310.01047	221.333312988
310.01627	245.666656494
310.02206	241.666656494
310.02789	237.333312988
310.03369	231.333312988
310.03949	230.333312988
310.04529	262.333312988
310.05112	310.000000000
310.05692	433.333312988
310.06271	559.333312988
310.06854	498.333312988
310.07434	397.000000000
310.08014	300.000000000
310.08594	252.666656494
310.09177	240.000000000
310.09756	274.333312988
310.10336	278.000000000
310.10916	307.333312988
310.11499	375.333312988
310.12079	549.666656494
310.12659	766.000000000
310.13239	758.000000000
310.13821	526.000000000
310.14401	339.666656494
310.14981	262.000000000
310.15561	224.000000000
310.16141	244.333312988
310.16724	236.666656494
310.17303	233.333312988
310.17883	237.666656494
310.18463	262.666656494
310.19043	282.666656494
310.19626	341.333312988
310.20206	329.333312988
310.20786	336.333312988
310.21365	442.000000000
310.21945	704.666656494
310.22525	788.666656494
310.23105	587.666656494
310.23688	384.666656494
310.24268	270.666656494
310.24847	270.666656494
310.25427	239.333312988
310.26007	214.666656494
310.26587	218.000000000
310.27167	236.000000000
310.27750	237.333312988
310.28329	229.666656494
310.28909	226.666656494
310.29489	237.666656494
310.30069	250.666656494
310.30649	244.000000000
310.31229	241.666656494
310.31808	259.666656494
310.32388	254.333312988
310.32968	289.333312988
310.33548	421.666656494
310.34128	552.333312988
310.34711	542.000000000
310.35291	418.000000000
310.35870	347.000000000
310.36450	273.666656494
310.37030	252.333312988
310.37610	256.000000000
310.38190	303.000000000
310.38770	325.666656494
310.39349	432.333312988
310.39929	685.333312988
310.40509	925.333312988
310.41089	765.000000000
310.41669	483.333312988
310.42249	320.333312988
310.42828	286.000000000
310.43408	261.666656494
310.43988	283.000000000
310.44568	350.000000000
310.45148	502.333312988
310.45728	571.000000000
310.46307	429.000000000
310.46887	299.666656494
310.47467	226.000000000
310.48047	241.333312988
310.48627	236.666656494
310.49207	234.333312988
310.49786	259.333312988
310.50366	288.333312988
310.50943	291.000000000
310.51523	290.666656494
310.52103	336.333312988
310.52682	483.333312988
310.53262	771.000000000
310.53842	792.666656494
310.54422	519.000000000
310.55002	337.333312988
310.55582	249.666656494
310.56161	250.666656494
