0,0000000E+0	8,2416837E-1	1,0874417E+3	1,3489070E+3
7,3302984E-1	8,2381075E-1	1,0874286E+3	1,3489695E+3
1,3075867E+0	8,2331901E-1	1,0874229E+3	1,3492055E+3
1,8813400E+0	8,2272296E-1	1,0874098E+3	1,3495109E+3
2,4553299E+0	8,2185869E-1	1,0873985E+3	1,3499277E+3
3,0285969E+0	8,2126265E-1	1,0873879E+3	1,3503439E+3
3,6013112E+0	8,2096462E-1	1,0873779E+3	1,3506718E+3
4,1752348E+0	8,2080071E-1	1,0873647E+3	1,3509385E+3
4,7478018E+0	8,2008546E-1	1,0873566E+3	1,3510424E+3
5,3228135E+0	8,1977253E-1	1,0873460E+3	1,3512983E+3
5,8968191E+0	8,1944471E-1	1,0873347E+3	1,3515099E+3
6,4704652E+0	8,1892316E-1	1,0873228E+3	1,3516613E+3
7,0545926E+0	8,1864004E-1	1,0873147E+3	1,3519023E+3
7,6286325E+0	8,1823771E-1	1,0873034E+3	1,3520587E+3
8,2026558E+0	8,1878905E-1	1,0872915E+3	1,3521683E+3
8,7770658E+0	8,1883376E-1	1,0872777E+3	1,3522321E+3
9,3493972E+0	8,1822281E-1	1,0872671E+3	1,3521370E+3
9,9244843E+0	8,1785028E-1	1,0872571E+3	1,3520606E+3
1,0496814E+1	8,1826751E-1	1,0872490E+3	1,3519605E+3
1,1070411E+1	8,1774597E-1	1,0872333E+3	1,3518347E+3
1,1643442E+1	8,1728404E-1	1,0872220E+3	1,3517383E+3
1,2219705E+1	8,1695621E-1	1,0872127E+3	1,3514992E+3
1,2793040E+1	8,1634526E-1	1,0872008E+3	1,3514285E+3
1,3368079E+1	8,1613665E-1	1,0871876E+3	1,3512514E+3
1,3943204E+1	8,1592803E-1	1,0871732E+3	1,3511243E+3
1,4517934E+1	8,1536179E-1	1,0871626E+3	1,3508183E+3
1,5091351E+1	8,1495946E-1	1,0871538E+3	1,3507626E+3
1,5665713E+1	8,1516807E-1	1,0871394E+3	1,3506969E+3
1,6239776E+1	8,1482534E-1	1,0871313E+3	1,3506224E+3
1,6813126E+1	8,1384187E-1	1,0871194E+3	1,3504816E+3
1,7392986E+1	8,1352894E-1	1,0871094E+3	1,3504303E+3
1,7966983E+1	8,1312661E-1	1,0870925E+3	1,3504760E+3
1,8539382E+1	8,1424420E-1	1,0870825E+3	1,3504021E+3
1,9112197E+1	8,6472934E-1	1,0870718E+3	1,3504334E+3
1,9686158E+1	1,0481775E+0	1,0870875E+3	1,3505892E+3
2,0260392E+1	1,3251901E+0	1,0872064E+3	1,3507063E+3
2,0834494E+1	1,7408283E+0	1,0875519E+3	1,3507883E+3
2,1408333E+1	2,1761061E+0	1,0881852E+3	1,3507682E+3
2,1981418E+1	2,6528986E+0	1,0891597E+3	1,3509090E+3
2,2554541E+1	3,0941667E+0	1,0906411E+3	1,3509184E+3
2,3129044E+1	3,2005610E+0	1,0927295E+3	1,3508815E+3
2,3703111E+1	3,1041952E+0	1,0954513E+3	1,3509604E+3
2,4277080E+1	3,0147286E+0	1,0985149E+3	1,3510592E+3
2,4850417E+1	2,9161425E+0	1,1015940E+3	1,3510874E+3
2,5424494E+1	2,8162600E+0	1,1044961E+3	1,3510161E+3
2,6000481E+1	2,7137400E+0	1,1071653E+3	1,3509985E+3
2,6574662E+1	2,6129635E+0	1,1095605E+3	1,3511619E+3
2,7150465E+1	2,5109650E+0	1,1116971E+3	1,3512138E+3
2,7725171E+1	2,4123640E+0	1,1135840E+3	1,3513365E+3
2,8300417E+1	2,3115577E+0	1,1152282E+3	1,3514548E+3
2,8874416E+1	2,2129269E+0	1,1166607E+3	1,3516526E+3
2,9447545E+1	2,1258296E+0	1,1179030E+3	1,3518904E+3
3,0020719E+1	2,1056683E+0	1,1189751E+3	1,3521808E+3
3,0593217E+1	2,1440388E+0	1,1199633E+3	1,3524161E+3
3,1167073E+1	2,0766707E+0	1,1210373E+3	1,3526533E+3
3,1740458E+1	2,0024480E+0	1,1221626E+3	1,3528567E+3
3,2315239E+1	1,9871594E+0	1,1232597E+3	1,3531558E+3
3,2889503E+1	2,0907970E+0	1,1243142E+3	1,3534469E+3
3,3461846E+1	2,0492525E+0	1,1253976E+3	1,3537003E+3
3,4035823E+1	2,0521433E+0	1,1264822E+3	1,3539500E+3
3,4611424E+1	2,0227433E+0	1,1275173E+3	1,3541910E+3
3,5184324E+1	2,0414145E+0	1,1284811E+3	1,3543975E+3
3,5758447E+1	2,1173210E+0	1,1294499E+3	1,3545990E+3
3,6331856E+1	2,0593406E+0	1,1304432E+3	1,3547974E+3
3,6905961E+1	2,4970026E+0	1,1314721E+3	1,3549189E+3
3,7479440E+1	3,4624340E+0	1,1326048E+3	1,3551122E+3
3,8051869E+1	3,8850310E+0	1,1340531E+3	1,3551360E+3
3,8626597E+1	3,7680122E+0	1,1358530E+3	1,3552111E+3
3,9201854E+1	3,2968374E+0	1,1378576E+3	1,3552230E+3
3,9777094E+1	3,1943025E+0	1,1399942E+3	1,3552587E+3
4,0351079E+1	3,2380374E+0	1,1422617E+3	1,3550716E+3
4,0926304E+1	3,2969566E+0	1,1447776E+3	1,3549063E+3
4,1499956E+1	3,3015760E+0	1,1476089E+3	1,3549007E+3
4,2074489E+1	3,2735767E+0	1,1506862E+3	1,3548882E+3
4,2648581E+1	3,2190086E+0	1,1538856E+3	1,3548531E+3
4,3224418E+1	3,1885805E+0	1,1570862E+3	1,3547549E+3
4,3798364E+1	3,2385441E+0	1,1602317E+3	1,3547568E+3
4,4371641E+1	3,3340754E+0	1,1633885E+3	1,3547167E+3
4,4945851E+1	3,3930840E+0	1,1665991E+3	1,3544776E+3
4,5520472E+1	3,3839347E+0	1,1698879E+3	1,3544539E+3
4,6094447E+1	3,3299478E+0	1,1731792E+3	1,3544138E+3
4,6667188E+1	3,2602253E+0	1,1763905E+3	1,3544319E+3
4,7241493E+1	3,2454880E+0	1,1794684E+3	1,3544783E+3
4,7815739E+1	3,3076706E+0	1,1824030E+3	1,3546829E+3
4,8389438E+1	3,3944400E+0	1,1852825E+3	1,3545146E+3
4,8963194E+1	3,4295323E+0	1,1881871E+3	1,3543231E+3
4,9537622E+1	3,4088941E+0	1,1911104E+3	1,3544282E+3
5,0114429E+1	3,3541175E+0	1,1940069E+3	1,3543487E+3
5,0687827E+1	3,2901468E+0	1,1967794E+3	1,3542242E+3
5,1263365E+1	3,3005478E+0	1,1993710E+3	1,3541184E+3
5,1837087E+1	3,3823701E+0	1,2018412E+3	1,3538555E+3
5,2410416E+1	3,4499766E+0	1,2042877E+3	1,3538580E+3
5,2984737E+1	3,4641179E+0	1,2067579E+3	1,3539081E+3
5,3557450E+1	3,4361186E+0	1,2092394E+3	1,3537535E+3
5,4130486E+1	3,3687355E+0	1,2116664E+3	1,3537498E+3
5,4704568E+1	3,3200385E+0	1,2139602E+3	1,3535501E+3
5,5277864E+1	3,3527466E+0	1,2160918E+3	1,3535376E+3
5,5849354E+1	3,4418257E+0	1,2181409E+3	1,3535820E+3
5,6422977E+1	3,4993889E+0	1,2202068E+3	1,3534450E+3
5,6998085E+1	3,4935924E+0	1,2222971E+3	1,3534275E+3
5,7571369E+1	3,4490975E+0	1,2244000E+3	1,3534281E+3
5,8145397E+1	3,3786746E+0	1,2264202E+3	1,3533436E+3
5,8719459E+1	3,3556970E+0	1,2283003E+3	1,3533361E+3
5,9293425E+1	3,4153911E+0	1,2300432E+3	1,3532547E+3
5,9867665E+1	3,5013410E+0	1,2317437E+3	1,3531477E+3
6,0441535E+1	3,5497995E+0	1,2334704E+3	1,3531127E+3
6,1017903E+1	3,5263749E+0	1,2352440E+3	1,3530939E+3
6,1591472E+1	3,4696164E+0	1,2370046E+3	1,3531984E+3
6,2165377E+1	3,3978822E+0	1,2386674E+3	1,3532629E+3
6,2738659E+1	3,3954384E+0	1,2402014E+3	1,3532754E+3
6,3312669E+1	3,4675898E+0	1,2416271E+3	1,3535795E+3
6,3886068E+1	3,5411271E+0	1,2430446E+3	1,3537667E+3
6,4460496E+1	3,5544636E+0	1,2445304E+3	1,3539939E+3
6,5034499E+1	3,5232457E+0	1,2460475E+3	1,3543018E+3
6,5608242E+1	3,4555795E+0	1,2475307E+3	1,3546303E+3
6,6180450E+1	3,3997597E+0	1,2489101E+3	1,3551085E+3
6,6754052E+1	3,4339132E+0	1,2501568E+3	1,3555622E+3
6,7327058E+1	3,5038593E+0	1,2513290E+3	1,3559515E+3
6,7900397E+1	3,5213532E+0	1,2525200E+3	1,3562851E+3
6,8475329E+1	3,4908505E+0	1,2537160E+3	1,3566018E+3
6,9048664E+1	3,4291299E+0	1,2548945E+3	1,3569128E+3
6,9623070E+1	3,3914747E+0	1,2559753E+3	1,3571744E+3
7,0196685E+1	3,4324976E+0	1,2569560E+3	1,3572126E+3
7,0771049E+1	3,5168233E+0	1,2578948E+3	1,3573215E+3
7,1344973E+1	3,5624357E+0	1,2588880E+3	1,3574060E+3
7,1918261E+1	3,5557153E+0	1,2599582E+3	1,3573778E+3
7,2490424E+1	3,5108926E+0	1,2610628E+3	1,3573841E+3
7,3064487E+1	3,4412297E+0	1,2621186E+3	1,3572483E+3
7,3637763E+1	3,4226330E+0	1,2630618E+3	1,3573985E+3
7,4211433E+1	3,4791829E+0	1,2639123E+3	1,3573278E+3
7,4785426E+1	3,5280736E+0	1,2647509E+3	1,3572977E+3
7,5358715E+1	3,5266282E+0	1,2656278E+3	1,3572658E+3
7,5933430E+1	3,4876468E+0	1,2665127E+3	1,3571281E+3
7,6507702E+1	3,4233483E+0	1,2673488E+3	1,3571256E+3
7,7080477E+1	3,4213366E+0	1,2680942E+3	1,3571212E+3
7,7654483E+1	3,4990313E+0	1,2687651E+3	1,3570098E+3
7,8228419E+1	3,5828652E+0	1,2694461E+3	1,3569842E+3
7,8801511E+1	3,6002251E+0	1,2702146E+3	1,3569635E+3
7,9374477E+1	3,5711678E+0	1,2710557E+3	1,3569216E+3
7,9948471E+1	3,5108628E+0	1,2719000E+3	1,3568928E+3
8,0521403E+1	3,4336450E+0	1,2726748E+3	1,3568277E+3
8,1094471E+1	3,4163000E+0	1,2733313E+3	1,3567094E+3
8,1667603E+1	3,4797790E+0	1,2738890E+3	1,3567576E+3
8,2242084E+1	3,5645666E+0	1,2744335E+3	1,3567276E+3
8,2815852E+1	3,5907628E+0	1,2750606E+3	1,3566963E+3
8,3390411E+1	3,5691561E+0	1,2757571E+3	1,3567100E+3
8,3964431E+1	3,5108032E+0	1,2764650E+3	1,3567182E+3
8,4537609E+1	3,4496488E+0	1,2771108E+3	1,3565899E+3
8,5110415E+1	3,4608694E+0	1,2776509E+3	1,3567770E+3
8,5685041E+1	3,5396816E+0	1,2781316E+3	1,3567470E+3
8,6259534E+1	3,6062898E+0	1,2786429E+3	1,3585306E+3
8,6834406E+1	3,6172422E+0	1,2792444E+3	1,3591014E+3
8,7408007E+1	3,5826715E+0	1,2799103E+3	1,3595983E+3
8,7981817E+1	3,5176279E+0	1,2805655E+3	1,3598224E+3
8,8555992E+1	3,4712853E+0	1,2811469E+3	1,3598649E+3
8,9130416E+1	3,4989568E+0	1,2816207E+3	1,3604207E+3
8,9703439E+1	3,5238864E+0	1,2820538E+3	1,3613983E+3
9,0276964E+1	3,5070183E+0	1,2825025E+3	1,3743321E+3
9,0850418E+1	3,5165252E+0	1,2829425E+3	1,3734484E+3
9,1425209E+1	3,5428556E+0	1,2833624E+3	1,3743727E+3
9,1998269E+1	3,5389217E+0	1,2838037E+3	1,3552493E+3
9,2571332E+1	3,5070183E+0	1,2842518E+3	1,3545189E+3
9,3145382E+1	3,5301598E+0	1,2846604E+3	1,3541365E+3
9,3718371E+1	3,5810771E+0	1,2850453E+3	1,3539313E+3
9,4290421E+1	3,5902413E+0	1,2854634E+3	1,3537610E+3
9,4864349E+1	3,5605284E+0	1,2859153E+3	1,3536284E+3
9,5438733E+1	3,4933390E+0	1,2863552E+3	1,3534938E+3
9,6012110E+1	3,4528824E+0	1,2867164E+3	1,3533649E+3
9,6585970E+1	3,4913870E+0	1,2869867E+3	1,3532729E+3
9,7160414E+1	3,5811218E+0	1,2872427E+3	1,3532309E+3
9,7735337E+1	3,6316963E+0	1,2875644E+3	1,3532629E+3
9,8309511E+1	3,6298486E+0	1,2879943E+3	1,3533486E+3
9,8884579E+1	3,5830589E+0	1,2884781E+3	1,3534763E+3
9,9458577E+1	3,5077336E+0	1,2889306E+3	1,3536190E+3
1,0003155E+2	3,4552666E+0	1,2892911E+3	1,3537498E+3
1,0060617E+2	3,4906717E+0	1,2895383E+3	1,3538962E+3
1,0117926E+2	3,5757127E+0	1,2897348E+3	1,3540264E+3
1,0175449E+2	3,6263021E+0	1,2899839E+3	1,3541522E+3
1,0232755E+2	3,6262127E+0	1,2903369E+3	1,3542623E+3
1,0290259E+2	3,5840573E+0	1,2907468E+3	1,3543475E+3
1,0347649E+2	3,5174342E+0	1,2911273E+3	1,3544407E+3
1,0405137E+2	3,4952911E+0	1,2914296E+3	1,3545008E+3
1,0462441E+2	3,5482647E+0	1,2916493E+3	1,3545396E+3
1,0519706E+2	3,5955312E+0	1,2918658E+3	1,3545621E+3
1,0577048E+2	3,5998525E+0	1,2921431E+3	1,3545928E+3
1,0634546E+2	3,5587253E+0	1,2924679E+3	1,3546122E+3
1,0691878E+2	3,4919383E+0	1,2927752E+3	1,3546247E+3
1,0749149E+2	3,5496356E+0	1,2930061E+3	1,3546460E+3
1,0806679E+2	3,5774561E+0	1,2931720E+3	1,3546479E+3
1,0863947E+2	3,5942944E+0	1,2933522E+3	1,3546447E+3
1,0921450E+2	3,5863521E+0	1,2936076E+3	1,3546397E+3
1,0978829E+2	3,5408737E+0	1,2939092E+3	1,3545928E+3
1,1036127E+2	3,5041871E+0	1,2941777E+3	1,3545290E+3
1,1093449E+2	3,5392793E+0	1,2943980E+3	1,3544357E+3
1,1150869E+2	3,5709890E+0	1,2946096E+3	1,3543299E+3
1,1208203E+2	3,5604390E+0	1,2948530E+3	1,3542135E+3
1,1265724E+2	3,5193267E+0	1,2951196E+3	1,3541265E+3
1,1323122E+2	3,5246762E+0	1,2953462E+3	1,3540552E+3
1,1380534E+2	3,5704674E+0	1,2955452E+3	1,3539939E+3
1,1437844E+2	3,5824927E+0	1,2957655E+3	1,3539863E+3
1,1495137E+2	3,5553726E+0	1,2960284E+3	1,3539144E+3
1,1552528E+2	3,5230221E+0	1,2962881E+3	1,3538812E+3
1,1610048E+2	3,5559686E+0	1,2965040E+3	1,3538981E+3
1,1667340E+2	3,5968872E+0	1,2967005E+3	1,3538925E+3
1,1724772E+2	3,5954567E+0	1,2969465E+3	1,3539062E+3
1,1782317E+2	3,5595598E+0	1,2972194E+3	1,3539125E+3
1,1839707E+2	3,4976157E+0	1,2974597E+3	1,3539300E+3
1,1897152E+2	3,4845771E+0	1,2976155E+3	1,3539576E+3
1,1954551E+2	3,5456570E+0	1,2976963E+3	1,3539882E+3
1,2012044E+2	3,6327394E+0	1,2977795E+3	1,3540183E+3
1,2069365E+2	3,6615732E+0	1,2979622E+3	1,3540402E+3
1,2126706E+2	3,6391022E+0	1,2982382E+3	1,3539970E+3
1,2184137E+2	3,5830589E+0	1,2985468E+3	1,3539845E+3
1,2241509E+2	3,5081210E+0	1,2988146E+3	1,3539757E+3
1,2298883E+2	3,4818353E+0	1,2989817E+3	1,3539663E+3
1,2356532E+2	3,5287442E+0	1,2990468E+3	1,3539569E+3
1,2413835E+2	3,6127271E+0	1,2991032E+3	1,3539438E+3
1,2471174E+2	3,6426338E+0	1,2992415E+3	1,3539532E+3
1,2528697E+2	3,6287608E+0	1,2994862E+3	1,3539150E+3
1,2586092E+2	3,5738649E+0	1,2997672E+3	1,3538975E+3
1,2643546E+2	3,4970792E+0	1,3000138E+3	1,3538937E+3
1,2700806E+2	3,4618082E+0	1,3001615E+3	1,3538649E+3
1,2758210E+2	3,5107287E+0	1,3002009E+3	1,3538656E+3
1,2815675E+2	3,5966339E+0	1,3002228E+3	1,3538518E+3
1,2872929E+2	3,6363902E+0	1,3003279E+3	1,3538399E+3
1,2930549E+2	3,6249312E+0	1,3005332E+3	1,3538386E+3
1,2987838E+2	3,5753401E+0	1,3007930E+3	1,3538280E+3
1,3045319E+2	3,5061838E+0	1,3010245E+3	1,3538155E+3
1,3102744E+2	3,4611376E+0	1,3011584E+3	1,3537930E+3
1,3160042E+2	3,4957381E+0	1,3011929E+3	1,3537660E+3
1,3217448E+2	3,5789462E+0	1,3011954E+3	1,3537204E+3
1,3274822E+2	3,6279114E+0	1,3012661E+3	1,3536997E+3
1,3332046E+2	3,6266448E+0	1,3014507E+3	1,3536690E+3
1,3389543E+2	3,5879316E+0	1,3016910E+3	1,3536296E+3
1,3446868E+2	3,5179259E+0	1,3019126E+3	1,3535971E+3
1,3504267E+2	3,4641179E+0	1,3020478E+3	1,3535508E+3
1,3561699E+2	3,4867974E+0	1,3020772E+3	1,3535057E+3
1,3619046E+2	3,5694393E+0	1,3020659E+3	1,3534825E+3
1,3676443E+2	3,6188366E+0	1,3021216E+3	1,3534537E+3
1,3733825E+2	3,6172869E+0	1,3022768E+3	1,3534544E+3
1,3791039E+2	3,5813155E+0	1,3025090E+3	1,3534475E+3
1,3848382E+2	3,5183432E+0	1,3027224E+3	1,3534350E+3
1,3905931E+2	3,4622403E+0	1,3028670E+3	1,3534356E+3
1,3963448E+2	3,4846815E+0	1,3028895E+3	1,3534544E+3
1,4020799E+2	3,5609456E+0	1,3028670E+3	1,3534487E+3
1,4078249E+2	3,6244395E+0	1,3028952E+3	1,3534631E+3
1,4135744E+2	3,6298486E+0	1,3030260E+3	1,3534769E+3
1,4193041E+2	3,5940411E+0	1,3032344E+3	1,3534706E+3
1,4250323E+2	3,5288336E+0	1,3034428E+3	1,3534713E+3
1,4307711E+2	3,4703763E+0	1,3035942E+3	1,3534875E+3
1,4365293E+2	3,4803601E+0	1,3036343E+3	1,3535038E+3
1,4422716E+2	3,5595151E+0	1,3036199E+3	1,3534819E+3
1,4480137E+2	3,6295655E+0	1,3036550E+3	1,3534800E+3
1,4537448E+2	3,6441537E+0	1,3037964E+3	1,3534894E+3
1,4594914E+2	3,6098810E+0	1,3040129E+3	1,3535026E+3
1,4652314E+2	3,5484733E+0	1,3042339E+3	1,3534988E+3
1,4709673E+2	3,4777822E+0	1,3043872E+3	1,3535276E+3
1,4766954E+2	3,4804793E+0	1,3044316E+3	1,3535777E+3
1,4825050E+2	3,5529735E+0	1,3044053E+3	1,3536246E+3
1,4882449E+2	3,6227407E+0	1,3044116E+3	1,3536615E+3
1,4939822E+2	3,6415460E+0	1,3045324E+3	1,3536985E+3
1,4997142E+2	3,5640003E+0	1,3046807E+3	1,3537654E+3
1,5054538E+2	3,4721645E+0	1,3046788E+3	1,3538280E+3
1,5111912E+2	3,3719095E+0	1,3044429E+3	1,3539012E+3
1,5169150E+2	3,2681974E+0	1,3039773E+3	1,3539638E+3
1,5226497E+2	3,1700136E+0	1,3033095E+3	1,3540120E+3
1,5283767E+2	3,0689986E+0	1,3024821E+3	1,3540827E+3
1,5341130E+2	2,9726775E+0	1,3015308E+3	1,3541516E+3
1,5398448E+2	2,9849114E+0	1,3004819E+3	1,3541891E+3
1,5455811E+2	3,1810107E+0	1,2993842E+3	1,3542317E+3
1,5513048E+2	3,2968821E+0	1,2982752E+3	1,3542836E+3
1,5570440E+2	3,3174308E+0	1,2971148E+3	1,3543399E+3
1,5627872E+2	3,1686725E+0	1,2958882E+3	1,3543900E+3
1,5685449E+2	2,9974731E+0	1,2945989E+3	1,3544082E+3
1,5742942E+2	2,8419198E+0	1,2931914E+3	1,3544551E+3
1,5800327E+2	2,7009995E+0	1,2916512E+3	1,3544814E+3
1,5857759E+2	2,5852473E+0	1,2899964E+3	1,3545315E+3
1,5915042E+2	2,5193842E+0	1,2882222E+3	1,3545715E+3
1,5972535E+2	2,4891348E+0	1,2863690E+3	1,3545953E+3
1,6029760E+2	2,4617316E+0	1,2844508E+3	1,3546047E+3
1,6087041E+2	2,4184884E+0	1,2825094E+3	1,3546222E+3
1,6144335E+2	2,3646505E+0	1,2805386E+3	1,3546429E+3
1,6201673E+2	2,3299010E+0	1,2785515E+3	1,3546397E+3
1,6259144E+2	2,3196788E+0	1,2765494E+3	1,3546629E+3
1,6316650E+2	2,3217948E+0	1,2745536E+3	1,3546648E+3
1,6374042E+2	2,3052992E+0	1,2725809E+3	1,3546860E+3
1,6431295E+2	2,2732915E+0	1,2706289E+3	1,3546992E+3
1,6488517E+2	2,2416712E+0	1,2687051E+3	1,3547198E+3
1,6545862E+2	2,2383930E+0	1,2667962E+3	1,3543781E+3
1,6603324E+2	2,2530855E+0	1,2649043E+3	1,3543625E+3
1,6660724E+2	2,2694470E+0	1,2630392E+3	1,3543694E+3
1,6718031E+2	2,2575112E+0	1,2612061E+3	1,3543287E+3
1,6775361E+2	2,2279174E+0	1,2594118E+3	1,3543293E+3
1,6832821E+2	2,1949710E+0	1,2576595E+3	1,3542999E+3
1,6890041E+2	2,1880419E+0	1,2559365E+3	1,3543030E+3
1,6947449E+2	2,2089930E+0	1,2542411E+3	1,3543118E+3
1,7004868E+2	2,2278876E+0	1,2525832E+3	1,3543318E+3
1,7062147E+2	2,2149385E+0	1,2509629E+3	1,3542648E+3
1,7119530E+2	2,1829159E+0	1,2493839E+3	1,3542680E+3
1,7176844E+2	2,1624864E+0	1,2478430E+3	1,3542905E+3
1,7234312E+2	2,1702649E+0	1,2463385E+3	1,3543149E+3
1,7291648E+2	2,1833183E+0	1,2448602E+3	1,3542617E+3
1,7349005E+2	2,1800251E+0	1,2434176E+3	1,3542592E+3
1,7406295E+2	2,1573157E+0	1,2420051E+3	1,3542498E+3
1,7463725E+2	2,1323712E+0	1,2406345E+3	1,3542561E+3
1,7521039E+2	2,1316559E+0	1,2392808E+3	1,3542980E+3
1,7578495E+2	2,1477194E+0	1,2379571E+3	1,3543681E+3
1,7635846E+2	2,1454395E+0	1,2366666E+3	1,3544069E+3
1,7693140E+2	2,1268876E+0	1,2354030E+3	1,3543180E+3
1,7750448E+2	2,1133424E+0	1,2341695E+3	1,3543074E+3
1,7807755E+2	2,1288396E+0	1,2329597E+3	1,3543268E+3
1,7865046E+2	2,1536203E+0	1,2317656E+3	1,3544432E+3
1,7922484E+2	2,1626057E+0	1,2306071E+3	1,3540552E+3
1,7979910E+2	2,1445603E+0	1,2294781E+3	1,3540802E+3
1,8037311E+2	2,1178575E+0	1,2283760E+3	1,3540245E+3
1,8094711E+2	2,1220298E+0	1,2272864E+3	1,3540302E+3
1,8152031E+2	2,1410884E+0	1,2262187E+3	1,3539119E+3
1,8209322E+2	2,1410884E+0	1,2251610E+3	1,3539507E+3
1,8266822E+2	2,1199734E+0	1,2241352E+3	1,3539181E+3
1,8324254E+2	2,1041782E+0	1,2231289E+3	1,3539112E+3
1,8381597E+2	2,1123589E+0	1,2221381E+3	1,3539632E+3
1,8439042E+2	2,1254869E+0	1,2211750E+3	1,3539838E+3
1,8496305E+2	2,1147729E+0	1,2202393E+3	1,3539907E+3
1,8553701E+2	2,0909013E+0	1,2193262E+3	1,3539369E+3
1,8611154E+2	2,0884128E+0	1,2184406E+3	1,3539188E+3
1,8668520E+2	2,1097214E+0	1,2175657E+3	1,3539275E+3
1,8725880E+2	2,1355898E+0	1,2167027E+3	1,3539037E+3
1,8783318E+2	2,1380485E+0	1,2158659E+3	1,3539100E+3
1,8840742E+2	2,1170081E+0	1,2150504E+3	1,3539350E+3
1,8897958E+2	2,0849706E+0	1,2142500E+3	1,3539544E+3
1,8955198E+2	2,0818116E+0	1,2134576E+3	1,3539263E+3
1,9012559E+2	2,1054597E+0	1,2126734E+3	1,3539369E+3
1,9069847E+2	2,1225662E+0	1,2118955E+3	1,3539544E+3
1,9127180E+2	2,1169485E+0	1,2111426E+3	1,3540151E+3
1,9184566E+2	2,0937474E+0	1,2104166E+3	1,3539751E+3
1,9242009E+2	2,1072627E+0	1,2097038E+3	1,3539119E+3
1,9299374E+2	2,2095443E+0	1,2090091E+3	1,3539363E+3
1,9356805E+2	2,3729058E+0	1,2083369E+3	1,3539300E+3
1,9414131E+2	2,3482443E+0	1,2077136E+3	1,3538850E+3
1,9471535E+2	2,2625179E+0	1,2071672E+3	1,3538781E+3
1,9529040E+2	2,1857174E+0	1,2067423E+3	1,3539200E+3
1,9586329E+2	2,2460969E+0	1,2064099E+3	1,3536784E+3
1,9643718E+2	2,4091603E+0	1,2061759E+3	1,3537060E+3
1,9701143E+2	2,6043655E+0	1,2060933E+3	1,3537354E+3
1,9758538E+2	2,8346481E+0	1,2062341E+3	1,3537504E+3
1,9815942E+2	3,0703397E+0	1,2067441E+3	1,3537942E+3
1,9873477E+2	3,1126590E+0	1,2076160E+3	1,3537072E+3
1,9930892E+2	3,0082615E+0	1,2086617E+3	1,3537491E+3
1,9988201E+2	2,8858485E+0	1,2096856E+3	1,3537642E+3
2,0045637E+2	2,7661027E+0	1,2105931E+3	1,3537729E+3
2,0103048E+2	2,6866497E+0	1,2113548E+3	1,3538086E+3
2,0160518E+2	2,6705714E+0	1,2119550E+3	1,3538699E+3
2,0217919E+2	2,6776643E+0	1,2124281E+3	1,3537654E+3
2,0275452E+2	2,6704969E+0	1,2127905E+3	1,3537373E+3
2,0332757E+2	2,6319625E+0	1,2130777E+3	1,3537836E+3
2,0390338E+2	2,5742354E+0	1,2132880E+3	1,3538242E+3
2,0447694E+2	2,5113823E+0	1,2134301E+3	1,3538487E+3
2,0504933E+2	2,4959894E+0	1,2134914E+3	1,3539019E+3
2,0562449E+2	2,5208147E+0	1,2134833E+3	1,3539707E+3
2,0619808E+2	2,5449993E+0	1,2134144E+3	1,3539995E+3
2,0677211E+2	2,5271179E+0	1,2133174E+3	1,3538818E+3
2,0734712E+2	2,4842621E+0	1,2131966E+3	1,3539319E+3
2,0792149E+2	2,4555178E+0	1,2130408E+3	1,3539970E+3
2,0849540E+2	2,4747552E+0	1,2128506E+3	1,3540427E+3
2,0906823E+2	2,5105478E+0	1,2126365E+3	1,3540871E+3
2,0964167E+2	2,5411548E+0	1,2124118E+3	1,3540189E+3
2,1021552E+2	2,6382060E+0	1,2121890E+3	1,3540220E+3
2,1078940E+2	2,7048440E+0	1,2120069E+3	1,3540214E+3
2,1136379E+2	2,8086604E+0	1,2118567E+3	1,3540408E+3
2,1193859E+2	2,9279293E+0	1,2117434E+3	1,3541353E+3
2,1251149E+2	3,0471386E+0	1,2116552E+3	1,3541847E+3
2,1308545E+2	3,0914994E+0	1,2116158E+3	1,3542436E+3
2,1365870E+2	2,9102417E+0	1,2116402E+3	1,3540765E+3
2,1423153E+2	2,7437510E+0	1,2116984E+3	1,3541153E+3
2,1480622E+2	2,5860073E+0	1,2117196E+3	1,3541428E+3
2,1537951E+2	2,7163477E+0	1,2116959E+3	1,3541240E+3
2,1595443E+2	2,9952379E+0	1,2118780E+3	1,3541253E+3
2,1652883E+2	3,0792506E+0	1,2124488E+3	1,3541804E+3
2,1710289E+2	3,1466635E+0	1,2132749E+3	1,3540865E+3
2,1767713E+2	3,2788368E+0	1,2142111E+3	1,3539795E+3
2,1824965E+2	3,4120383E+0	1,2152269E+3	1,3539676E+3
2,1882290E+2	3,4734013E+0	1,2162708E+3	1,3539832E+3
2,1939757E+2	3,5609158E+0	1,2173028E+3	1,3540183E+3
2,1997196E+2	3,6615284E+0	1,2183029E+3	1,3540496E+3
2,2054595E+2	3,6934020E+0	1,2192661E+3	1,3540846E+3
2,2111953E+2	3,6807807E+0	1,2201943E+3	1,3540909E+3
2,2169450E+2	3,7204923E+0	1,2210673E+3	1,3541121E+3
2,2226860E+2	3,7811997E+0	1,2218922E+3	1,3541434E+3
2,2284310E+2	3,7627818E+0	1,2226820E+3	1,3541459E+3
2,2341780E+2	3,7451091E+0	1,2234474E+3	1,3542054E+3
2,2399266E+2	3,7832262E+0	1,2241703E+3	1,3541929E+3
2,2456627E+2	3,8254412E+0	1,2248731E+3	1,3539194E+3
2,2514134E+2	3,7903639E+0	1,2255722E+3	1,3538580E+3
2,2571451E+2	3,7818851E+0	1,2262531E+3	1,3538480E+3
2,2628754E+2	3,8252773E+0	1,2268996E+3	1,3538774E+3
2,2686135E+2	3,8507136E+0	1,2275380E+3	1,3539106E+3
2,2743545E+2	3,8098248E+0	1,2281738E+3	1,3538862E+3
2,2800938E+2	3,8162621E+0	1,2288022E+3	1,3538674E+3
2,2858372E+2	3,8648250E+0	1,2294036E+3	1,3538455E+3
2,2915725E+2	3,8687887E+0	1,2300001E+3	1,3539137E+3
2,2972982E+2	3,8286748E+0	1,2306003E+3	1,3539150E+3
2,3030308E+2	3,8467797E+0	1,2311854E+3	1,3539407E+3
2,3087759E+2	3,8947316E+0	1,2317374E+3	1,3536884E+3
2,3145049E+2	3,8717689E+0	1,2322969E+3	1,3536690E+3
2,3202365E+2	3,7983658E+0	1,2328470E+3	1,3536690E+3
2,3259760E+2	3,7898126E+0	1,2333559E+3	1,3536941E+3
2,3317141E+2	3,8359764E+0	1,2338253E+3	1,3537291E+3
2,3374707E+2	3,9003643E+0	1,2342727E+3	1,3537854E+3
2,3431975E+2	3,8902315E+0	1,2347384E+3	1,3538355E+3
2,3489211E+2	3,8219544E+0	1,2352209E+3	1,3538505E+3
2,3546817E+2	3,8160386E+0	1,2356746E+3	1,3538687E+3
2,3604198E+2	3,8599821E+0	1,2360889E+3	1,3539112E+3
2,3661523E+2	3,9320590E+0	1,2364920E+3	1,3538837E+3
2,3718836E+2	3,9634111E+0	1,2369132E+3	1,3537748E+3
2,3776148E+2	3,8971754E+0	1,2373600E+3	1,3537786E+3
2,3833522E+2	3,8108977E+0	1,2377944E+3	1,3538023E+3
2,3890822E+2	3,8032683E+0	1,2381805E+3	1,3537535E+3
2,3948141E+2	3,8501921E+0	1,2385210E+3	1,3534988E+3
2,4005448E+2	3,9238038E+0	1,2388533E+3	1,3535708E+3
2,4062775E+2	3,9831104E+0	1,2392019E+3	1,3536077E+3
2,4120147E+2	3,9457979E+0	1,2395906E+3	1,3534900E+3
2,4177535E+2	3,8478973E+0	1,2399905E+3	1,3535120E+3
2,4235040E+2	3,8158300E+0	1,2403591E+3	1,3534738E+3
2,4292216E+2	3,8511159E+0	1,2406639E+3	1,3535370E+3
2,4349621E+2	3,9154592E+0	1,2409499E+3	1,3535896E+3
2,4406837E+2	3,9178433E+0	1,2412403E+3	1,3535263E+3
2,4464183E+2	3,8493278E+0	1,2415489E+3	1,3535996E+3
2,4521575E+2	3,8313868E+0	1,2418342E+3	1,3536352E+3
2,4578952E+2	3,8701894E+0	1,2420890E+3	1,3535345E+3
2,4636448E+2	3,9408805E+0	1,2423374E+3	1,3535332E+3
2,4693697E+2	3,9905163E+0	1,2426047E+3	1,3535451E+3
2,4750921E+2	3,9379301E+0	1,2429151E+3	1,3535864E+3
2,4808290E+2	3,8445743E+0	1,2432324E+3	1,3536052E+3
2,4865741E+2	3,8243087E+0	1,2435103E+3	1,3535570E+3
2,4923139E+2	3,8642588E+0	1,2437381E+3	1,3535777E+3
2,4980435E+2	3,9361867E+0	1,2439484E+3	1,3534894E+3
2,5037795E+2	4,0045085E+0	1,2441768E+3	1,3535101E+3
2,5095146E+2	3,9772394E+0	1,2444503E+3	1,3535057E+3
2,5152540E+2	3,8814994E+0	1,2447557E+3	1,3534775E+3
2,5209852E+2	3,8409235E+0	1,2450267E+3	1,3531990E+3
2,5267206E+2	3,8682225E+0	1,2452476E+3	1,3532547E+3
2,5324590E+2	3,9316269E+0	1,2454485E+3	1,3532585E+3
2,5382133E+2	3,9879235E+0	1,2456488E+3	1,3532241E+3
2,5439547E+2	3,9465579E+0	1,2458897E+3	1,3532816E+3
2,5496845E+2	3,8513395E+0	1,2461501E+3	1,3532566E+3
2,5554060E+2	3,8228186E+0	1,2463773E+3	1,3532097E+3
2,5611542E+2	3,8598629E+0	1,2465613E+3	1,3532541E+3
2,5668950E+2	3,9306285E+0	1,2467303E+3	1,3531314E+3
2,5726449E+2	4,0066841E+0	1,2469143E+3	1,3531020E+3
2,5783845E+2	3,9982202E+0	1,2471408E+3	1,3531051E+3
2,5841143E+2	3,9047303E+0	1,2474055E+3	1,3530832E+3
2,5898541E+2	3,8500729E+0	1,2476459E+3	1,3531389E+3
2,5955885E+2	3,8727822E+0	1,2478468E+3	1,3530670E+3
2,6013183E+2	3,9343985E+0	1,2480164E+3	1,3530663E+3
2,6070715E+2	3,9983096E+0	1,2481991E+3	1,3529280E+3
2,6128170E+2	3,9703252E+0	1,2484213E+3	1,3529675E+3
2,6185606E+2	3,8758966E+0	1,2486754E+3	1,3530194E+3
2,6243041E+2	3,8381817E+0	1,2488994E+3	1,3529549E+3
2,6300549E+2	3,8701596E+0	1,2490759E+3	1,3529612E+3
2,6358047E+2	3,9377066E+0	1,2492330E+3	1,3529537E+3
2,6415448E+2	4,0155354E+0	1,2494039E+3	1,3528642E+3
2,6472759E+2	4,0203484E+0	1,2496192E+3	1,3528805E+3
2,6530298E+2	3,9323720E+0	1,2498720E+3	1,3528323E+3
2,6587683E+2	3,8714411E+0	1,2501186E+3	1,3527847E+3
2,6645132E+2	3,8840028E+0	1,2503164E+3	1,3527547E+3
2,6702541E+2	3,9407166E+0	1,2504791E+3	1,3527591E+3
2,6759822E+2	4,0077271E+0	1,2506537E+3	1,3527040E+3
2,6817174E+2	3,9901736E+0	1,2508702E+3	1,3526958E+3
2,6874797E+2	3,8972201E+0	1,2511137E+3	1,3525913E+3
2,6932047E+2	3,8486423E+0	1,2513490E+3	1,3526314E+3
2,6989469E+2	3,8722607E+0	1,2515255E+3	1,3526095E+3
2,7046760E+2	3,9373490E+0	1,2516901E+3	1,3526032E+3
2,7104150E+2	4,0186348E+0	1,2518660E+3	1,3525369E+3
2,7161508E+2	4,0360394E+0	1,2520913E+3	1,3525707E+3
2,7218764E+2	3,9561393E+0	1,2523704E+3	1,3525500E+3
2,7276169E+2	3,8861486E+0	1,2526439E+3	1,3524843E+3
2,7333589E+2	3,8922729E+0	1,2528761E+3	1,3524806E+3
2,7390938E+2	3,9447399E+0	1,2530707E+3	1,3525150E+3
2,7448378E+2	4,0135833E+0	1,2532697E+3	1,3524618E+3
2,7505803E+2	4,0124806E+0	1,2534925E+3	1,3524105E+3
2,7563155E+2	3,9260241E+0	1,2537517E+3	1,3524330E+3
2,7620568E+2	3,8674476E+0	1,2539957E+3	1,3523191E+3
2,7678048E+2	3,8845988E+0	1,2541948E+3	1,3523385E+3
2,7735440E+2	3,9464983E+0	1,2543587E+3	1,3522915E+3
2,7792835E+2	4,0147903E+0	1,2545321E+3	1,3522928E+3
2,7850251E+2	3,9984884E+0	1,2547449E+3	1,3522390E+3
2,7907579E+2	3,9048048E+0	1,2549739E+3	1,3522265E+3
2,7965049E+2	3,8606080E+0	1,2551855E+3	1,3521576E+3
2,8022448E+2	3,8859698E+0	1,2553438E+3	1,3521695E+3
2,8079809E+2	3,9526972E+0	1,2554740E+3	1,3521495E+3
2,8137347E+2	3,9887133E+0	1,2556092E+3	1,3520844E+3
2,8194731E+2	3,8626643E+0	1,2557337E+3	1,3520888E+3
2,8252141E+2	3,6915394E+0	1,2556987E+3	1,3520368E+3
2,8309577E+2	3,5607966E+0	1,2554377E+3	1,3520393E+3
2,8367056E+2	3,5105946E+0	1,2549389E+3	1,3520512E+3
2,8424437E+2	3,5091641E+0	1,2542498E+3	1,3519986E+3
2,8481854E+2	3,5304131E+0	1,2533955E+3	1,3520030E+3
2,8539172E+2	3,5015645E+0	1,2524242E+3	1,3519686E+3
2,8596543E+2	3,4113975E+0	1,2513672E+3	1,3519805E+3
2,8653799E+2	3,3578875E+0	1,2502225E+3	1,3519818E+3
2,8711047E+2	3,3639373E+0	1,2489965E+3	1,3518991E+3
2,8768513E+2	3,4009667E+0	1,2477178E+3	1,3518810E+3
2,8825879E+2	3,4391584E+0	1,2464036E+3	1,3519085E+3
2,8883150E+2	3,4096243E+0	1,2450843E+3	1,3518253E+3
2,8940468E+2	3,3544751E+0	1,2437694E+3	1,3518328E+3
2,8997811E+2	3,3491852E+0	1,2424645E+3	1,3517871E+3
2,9055143E+2	3,3831449E+0	1,2411702E+3	1,3518253E+3
2,9112348E+2	3,4194442E+0	1,2398947E+3	1,3517458E+3
2,9169746E+2	3,3897014E+0	1,2386587E+3	1,3517633E+3
2,9227141E+2	3,3072533E+0	1,2374658E+3	1,3517120E+3
2,9284449E+2	3,2680633E+0	1,2362923E+3	1,3517001E+3
2,9341847E+2	3,2852592E+0	1,2351270E+3	1,3517483E+3
2,9399152E+2	3,3346268E+0	1,2339748E+3	1,3516832E+3
2,9456540E+2	3,3919217E+0	1,2328539E+3	1,3517095E+3
2,9513942E+2	3,3935907E+0	1,2317756E+3	1,3516713E+3
2,9571299E+2	3,3244642E+0	1,2307473E+3	1,3517233E+3
2,9628767E+2	3,2715650E+0	1,2297554E+3	1,3516551E+3
2,9685906E+2	3,2802077E+0	1,2287853E+3	1,3516907E+3
2,9743295E+2	3,3201279E+0	1,2278234E+3	1,3517558E+3
2,9800723E+2	3,3693316E+0	1,2268959E+3	1,3516532E+3
2,9857952E+2	3,3577236E+0	1,2260009E+3	1,3516726E+3
2,9915442E+2	3,2834115E+0	1,2251466E+3	1,3516275E+3
2,9972767E+2	3,2421352E+0	1,2243149E+3	1,3516763E+3
3,0030155E+2	3,2586308E+0	1,2234800E+3	1,3516319E+3
3,0087683E+2	3,3072235E+0	1,2226645E+3	1,3515487E+3
3,0145080E+2	3,3564570E+0	1,2218753E+3	1,3516125E+3
3,0202447E+2	3,3339115E+0	1,2211193E+3	1,3515656E+3
3,0259851E+2	3,2570215E+0	1,2204008E+3	1,3516713E+3
3,0317155E+2	3,2279940E+0	1,2197036E+3	1,3516745E+3
3,0374544E+2	3,2520296E+0	1,2190039E+3	1,3516976E+3
3,0431947E+2	3,2976570E+0	1,2183148E+3	1,3517640E+3
3,0489393E+2	3,3524187E+0	1,2176408E+3	1,3517158E+3
3,0547041E+2	3,3544155E+0	1,2170068E+3	1,3517583E+3
3,0604159E+2	3,2860341E+0	1,2164116E+3	1,3518046E+3
3,0661641E+2	3,2371434E+0	1,2158396E+3	1,3518603E+3
3,0718899E+2	3,2478126E+0	1,2152757E+3	1,3518153E+3
3,0776409E+2	3,2880606E+0	1,2147081E+3	1,3518190E+3
3,0833710E+2	3,3412727E+0	1,2141636E+3	1,3518334E+3
3,0890961E+2	3,3311250E+0	1,2136510E+3	1,3518885E+3
3,0948323E+2	3,2603445E+0	1,2131741E+3	1,3518810E+3
3,1005764E+2	3,2217952E+0	1,2127154E+3	1,3519586E+3
3,1063190E+2	3,2416882E+0	1,2122535E+3	1,3519567E+3
3,1120712E+2	3,2880606E+0	1,2117966E+3	1,3519780E+3
3,1178047E+2	3,3398273E+0	1,2113610E+3	1,3519680E+3
3,1235448E+2	3,3200832E+0	1,2109511E+3	1,3519530E+3
3,1292796E+2	3,2457115E+0	1,2105681E+3	1,3520631E+3
3,1350142E+2	3,2157751E+0	1,2102013E+3	1,3520556E+3
3,1407545E+2	3,2408537E+0	1,2098271E+3	1,3520881E+3
3,1464906E+2	3,2892080E+0	1,2094591E+3	1,3520906E+3
3,1522120E+2	3,3363702E+0	1,2091080E+3	1,3520950E+3
3,1579539E+2	3,3026787E+0	1,2087750E+3	1,3520788E+3
3,1636964E+2	3,2567384E+0	1,2084577E+3	1,3521219E+3
3,1694252E+2	3,2650830E+0	1,2081429E+3	1,3520287E+3
3,1751586E+2	3,3029320E+0	1,2078212E+3	1,3521100E+3
3,1808954E+2	3,3318849E+0	1,2075121E+3	1,3520594E+3
3,1866425E+2	3,2966884E+0	1,2072279E+3	1,3520287E+3
3,1923745E+2	3,2212438E+0	1,2069582E+3	1,3520994E+3
3,1981042E+2	3,2032879E+0	1,2066903E+3	1,3520224E+3
3,2038554E+2	3,2316895E+0	1,2064168E+3	1,3520493E+3
3,2095872E+2	3,2789262E+0	1,2061440E+3	1,3519961E+3
3,2153147E+2	3,3127518E+0	1,2058836E+3	1,3520087E+3
3,2210544E+2	3,2731744E+0	1,2056445E+3	1,3520600E+3
3,2268043E+2	3,2417329E+0	1,2054261E+3	1,3520375E+3
3,2325470E+2	3,2601805E+0	1,2052027E+3	1,3519386E+3
3,2382888E+2	3,3026489E+0	1,2049905E+3	1,3520180E+3
3,2440306E+2	3,3364000E+0	1,2047859E+3	1,3520068E+3
3,2497694E+2	3,2876881E+0	1,2046031E+3	1,3519117E+3
3,2554943E+2	3,2152386E+0	1,2044329E+3	1,3519160E+3
3,2612306E+2	3,2034220E+0	1,2042539E+3	1,3519786E+3
3,2669696E+2	3,2337906E+0	1,2040655E+3	1,3519974E+3
3,2726941E+2	3,2836797E+0	1,2038690E+3	1,3520543E+3
3,2784196E+2	3,3116194E+0	1,2036819E+3	1,3518735E+3
3,2841664E+2	3,2636674E+0	1,2035073E+3	1,3519417E+3
3,2899142E+2	3,2018127E+0	1,2033452E+3	1,3519843E+3
3,2956524E+2	3,1978639E+0	1,2031687E+3	1,3520500E+3
3,3013951E+2	3,2349231E+0	1,2029784E+3	1,3518153E+3
3,3071295E+2	3,2933505E+0	1,2027919E+3	1,3518935E+3
3,3128708E+2	3,3372196E+0	1,2026154E+3	1,3517389E+3
3,3186138E+2	3,3083560E+0	1,2024652E+3	1,3518115E+3
3,3243523E+2	3,2356681E+0	1,2023294E+3	1,3516463E+3
3,3300818E+2	3,2149257E+0	1,2022061E+3	1,3517909E+3
3,3358162E+2	3,2432230E+0	1,2020722E+3	1,3516100E+3
3,3415611E+2	3,2926055E+0	1,2019214E+3	1,3517615E+3
3,3473030E+2	3,3200236E+0	1,2017737E+3	1,3518710E+3
3,3530396E+2	3,2741727E+0	1,2016378E+3	1,3517809E+3
3,3587750E+2	3,2039138E+0	1,2015095E+3	1,3518572E+3
3,3645043E+2	3,1955691E+0	1,2013787E+3	1,3517201E+3
3,3702341E+2	3,2288881E+0	1,2012210E+3	1,3515537E+3
3,3759694E+2	3,2837095E+0	1,2010571E+3	1,3516375E+3
3,3817222E+2	3,3070000E+0	1,2008993E+3	1,3515130E+3
3,3874483E+2	3,2586457E+0	1,2007516E+3	1,3515074E+3
3,3931887E+2	3,2269957E+0	1,2006127E+3	1,3516250E+3
3,3989311E+2	3,2466056E+0	1,2004656E+3	1,3515361E+3
3,4046740E+2	3,2947214E+0	1,2003223E+3	1,3514679E+3
3,4104042E+2	3,3123495E+0	1,2001827E+3	1,3512833E+3
3,4161450E+2	3,2548161E+0	1,2000563E+3	1,3512971E+3
3,4218767E+2	3,1856747E+0	1,1999449E+3	1,3515850E+3
3,4276049E+2	3,1845124E+0	1,1998110E+3	1,3513171E+3
3,4333451E+2	3,2165052E+0	1,1996633E+3	1,3512032E+3
3,4390794E+2	3,2683762E+0	1,1995118E+3	1,3512307E+3
3,4448177E+2	3,2829793E+0	1,1993641E+3	1,3513465E+3
3,4505698E+2	3,2241495E+0	1,1992402E+3	1,3512952E+3
3,4563188E+2	3,1671675E+0	1,1991113E+3	1,3510386E+3
3,4620565E+2	3,1729193E+0	1,1989724E+3	1,3510204E+3
3,4677852E+2	3,2164307E+0	1,1988222E+3	1,3509472E+3
3,4735172E+2	3,2696130E+0	1,1986632E+3	1,3509072E+3
3,4792541E+2	3,2741578E+0	1,1985180E+3	1,3509998E+3
3,4850034E+2	3,2263847E+0	1,1983891E+3	1,3507914E+3
3,4907447E+2	3,2161178E+0	1,1982558E+3	1,3507088E+3
3,4964915E+2	3,2490941E+0	1,1981218E+3	1,3506174E+3
3,5022359E+2	3,2948556E+0	1,1979873E+3	1,3506618E+3
3,5079706E+2	3,2927396E+0	1,1978671E+3	1,3507726E+3
3,5136939E+2	3,2275917E+0	1,1977613E+3	1,3503996E+3
3,5194438E+2	3,1735899E+0	1,1976662E+3	1,3504378E+3
3,5251818E+2	3,1832757E+0	1,1975586E+3	1,3506312E+3
3,5309153E+2	3,2298716E+0	1,1974409E+3	1,3503408E+3
3,5366474E+2	3,2811018E+0	1,1973226E+3	1,3503264E+3
3,5423761E+2	3,2760801E+0	1,1972150E+3	1,3505373E+3
3,5481042E+2	3,2036008E+0	1,1971198E+3	1,3500316E+3
3,5538459E+2	3,1671675E+0	1,1970297E+3	1,3501011E+3
3,5595822E+2	3,1853916E+0	1,1969214E+3	1,3502963E+3
3,5653289E+2	3,2319428E+0	1,1968057E+3	1,3501881E+3
3,5710695E+2	3,2862874E+0	1,1966861E+3	1,3503114E+3
3,5767961E+2	3,2668116E+0	1,1965904E+3	1,3498514E+3
3,5825285E+2	3,2158645E+0	1,1965053E+3	1,3503608E+3
3,5882679E+2	3,2152535E+0	1,1964283E+3	1,3500310E+3
3,5940048E+2	3,2505544E+0	1,1963432E+3	1,3501524E+3
3,5997501E+2	3,2950344E+0	1,1962724E+3	1,3502000E+3
3,6054987E+2	3,2711776E+0	1,1962055E+3	1,3504447E+3
3,6112280E+2	3,1988474E+0	1,1961560E+3	1,3502882E+3
3,6169691E+2	3,1716229E+0	1,1961053E+3	1,3503145E+3
3,6227371E+2	3,1948241E+0	1,1960371E+3	1,3500954E+3
3,6284727E+2	3,2423588E+0	1,1959533E+3	1,3502519E+3
3,6342047E+2	3,2829942E+0	1,1958763E+3	1,3503032E+3
3,6399349E+2	3,2565745E+0	1,1958149E+3	1,3505135E+3
3,6456820E+2	3,1878205E+0	1,1957624E+3	1,3504616E+3
3,6514180E+2	3,1706544E+0	1,1957092E+3	1,3502156E+3
3,6571581E+2	3,1999799E+0	1,1956316E+3	1,3504622E+3
3,6629041E+2	3,2474550E+0	1,1955458E+3	1,3506155E+3
3,6686339E+2	3,2861980E+0	1,1954645E+3	1,3502776E+3
3,6743707E+2	3,2492580E+0	1,1954013E+3	1,3503070E+3
3,6800987E+2	3,2116028E+0	1,1953468E+3	1,3504121E+3
3,6858314E+2	3,2270255E+0	1,1952773E+3	1,3503239E+3
3,6915701E+2	3,2688083E+0	1,1952104E+3	1,3503977E+3
3,6973142E+2	3,2978805E+0	1,1951422E+3	1,3507432E+3
3,7030542E+2	3,2575877E+0	1,1950865E+3	1,3506769E+3
3,7087901E+2	3,1850340E+0	1,1950427E+3	1,3502150E+3
3,7145304E+2	3,1734856E+0	1,1949819E+3	1,3502863E+3
3,7202640E+2	3,2058062E+0	1,1949075E+3	1,3503239E+3
3,7259911E+2	3,2574983E+0	1,1948292E+3	1,3503764E+3
3,7317305E+2	3,2832177E+0	1,1947579E+3	1,3502006E+3
3,7374897E+2	3,2365920E+0	1,1947009E+3	1,3504159E+3
3,7432315E+2	3,1746032E+0	1,1946496E+3	1,3502481E+3
3,7489656E+2	3,1729193E+0	1,1945845E+3	1,3503370E+3
3,7547048E+2	3,2088758E+0	1,1945076E+3	1,3501173E+3
3,7604448E+2	3,2669308E+0	1,1944124E+3	1,3501561E+3
3,7661679E+2	3,2852294E+0	1,1943286E+3	1,3501217E+3
3,7718964E+2	3,2299163E+0	1,1942603E+3	1,3501374E+3
3,7776258E+2	3,1704458E+0	1,1941909E+3	1,3503427E+3
3,7833592E+2	3,1739326E+0	1,1941020E+3	1,3498883E+3
3,7890926E+2	3,2119902E+0	1,1939981E+3	1,3500579E+3
3,7948433E+2	3,2654258E+0	1,1938880E+3	1,3500792E+3
3,8005852E+2	3,3031853E+0	1,1937866E+3	1,3500354E+3
3,8063446E+2	3,2617303E+0	1,1937083E+3	1,3499365E+3
3,8120801E+2	3,1918587E+0	1,1936445E+3	1,3499646E+3
3,8178304E+2	3,1781049E+0	1,1935744E+3	1,3498651E+3
3,8235750E+2	3,2064917E+0	1,1934862E+3	1,3497888E+3
3,8293047E+2	3,2594504E+0	1,1933954E+3	1,3498226E+3
3,8350447E+2	3,2809081E+0	1,1933028E+3	1,3498820E+3
3,8407925E+2	3,2285752E+0	1,1932214E+3	1,3500316E+3
3,8465153E+2	3,1641277E+0	1,1931488E+3	1,3497318E+3
3,8522589E+2	3,1615945E+0	1,1930600E+3	1,3498025E+3
3,8580006E+2	3,2008143E+0	1,1929554E+3	1,3498257E+3
3,8637449E+2	3,2596888E+0	1,1928547E+3	1,3498920E+3
3,8694897E+2	3,2750519E+0	1,1927552E+3	1,3495203E+3
3,8752434E+2	3,2106938E+0	1,1926832E+3	1,3497387E+3
3,8809752E+2	3,1478705E+0	1,1926100E+3	1,3495991E+3
3,8867040E+2	3,1537714E+0	1,1925261E+3	1,3496085E+3
3,8924509E+2	3,1965675E+0	1,1924335E+3	1,3496905E+3
3,8981852E+2	3,2541605E+0	1,1923371E+3	1,3495591E+3
3,9039314E+2	3,2573344E+0	1,1922501E+3	1,3491917E+3
3,9096689E+2	3,2045247E+0	1,1921819E+3	1,3492017E+3
3,9154041E+2	3,1941088E+0	1,1921137E+3	1,3493225E+3
3,9211448E+2	3,2211395E+0	1,1920517E+3	1,3492174E+3
3,9268773E+2	3,2674821E+0	1,1919848E+3	1,3492430E+3
3,9326313E+2	3,2657983E+0	1,1919384E+3	1,3493238E+3
3,9383850E+2	3,1997712E+0	1,1919071E+3	1,3489752E+3
3,9441120E+2	3,1481983E+0	1,1918734E+3	1,3490434E+3
3,9498563E+2	3,1580629E+0	1,1918208E+3	1,3490653E+3
3,9556128E+2	3,2041522E+0	1,1917670E+3	1,3491210E+3
3,9613499E+2	3,2573046E+0	1,1917075E+3	1,3488212E+3
3,9670851E+2	3,2466950E+0	1,1916643E+3	1,3489195E+3
3,9728249E+2	3,1766446E+0	1,1916286E+3	1,3488688E+3
3,9785601E+2	3,1449052E+0	1,1915999E+3	1,3489257E+3
3,9843044E+2	3,1663330E+0	1,1915517E+3	1,3488193E+3
3,9900530E+2	3,2148214E+0	1,1914847E+3	1,3489351E+3
3,9957913E+2	3,2644125E+0	1,1914284E+3	1,3489983E+3
4,0015202E+2	3,2444151E+0	1,1913752E+3	1,3486992E+3
4,0072609E+2	3,1713994E+0	1,1913501E+3	1,3487693E+3
4,0129936E+2	3,1439664E+0	1,1913013E+3	1,3487374E+3
4,0187199E+2	3,1683000E+0	1,1912437E+3	1,3487580E+3
4,0244538E+2	3,2170417E+0	1,1911743E+3	1,3487849E+3
4,0301951E+2	3,2597633E+0	1,1910986E+3	1,3489808E+3
4,0359538E+2	3,2306315E+0	1,1910485E+3	1,3489357E+3
4,0416699E+2	3,1899663E+0	1,1910003E+3	1,3486278E+3
4,0473938E+2	3,2026919E+0	1,1909490E+3	1,3487849E+3
4,0531458E+2	3,2436701E+0	1,1908870E+3	1,3487530E+3
4,0588898E+2	3,2817723E+0	1,1908276E+3	1,3487086E+3
4,0646173E+2	3,2458754E+0	1,1907775E+3	1,3486654E+3
4,0703581E+2	3,1677188E+0	1,1907449E+3	1,3487305E+3
4,0761155E+2	3,1465592E+0	1,1906986E+3	1,3489483E+3
4,0818526E+2	3,1793566E+0	1,1906354E+3	1,3485546E+3
4,0875867E+2	3,2358171E+0	1,1905616E+3	1,3486929E+3
4,0933306E+2	3,2685848E+0	1,1905021E+3	1,3485352E+3
4,0990792E+2	3,2266231E+0	1,1904495E+3	1,3487449E+3
4,1048143E+2	3,1559022E+0	1,1904114E+3	1,3483030E+3
4,1105478E+2	3,1456055E+0	1,1903594E+3	1,3481234E+3
4,1162941E+2	3,1810852E+0	1,1902843E+3	1,3481778E+3
4,1220322E+2	3,2367559E+0	1,1902042E+3	1,3482742E+3
4,1277768E+2	3,2626541E+0	1,1901297E+3	1,3482329E+3
4,1335144E+2	3,2143595E+0	1,1900703E+3	1,3483412E+3
4,1392471E+2	3,1857641E+0	1,1900202E+3	1,3483506E+3
4,1449937E+2	3,2055678E+0	1,1899658E+3	1,3483675E+3
4,1507443E+2	3,2539072E+0	1,1898994E+3	1,3483443E+3
4,1564798E+2	3,2753797E+0	1,1898525E+3	1,3481628E+3
4,1622142E+2	3,2211842E+0	1,1898162E+3	1,3481121E+3
4,1679855E+2	3,1545015E+0	1,1897843E+3	1,3480151E+3
4,1737176E+2	3,1493457E+0	1,1897423E+3	1,3479331E+3
4,1794557E+2	3,1867923E+0	1,1896904E+3	1,3479231E+3
4,1851885E+2	3,2432230E+0	1,1896372E+3	1,3479068E+3
4,1909317E+2	3,2543244E+0	1,1895834E+3	1,3479012E+3
4,1966753E+2	3,1981768E+0	1,1895558E+3	1,3477347E+3
4,2024154E+2	3,1430425E+0	1,1895283E+3	1,3475927E+3
4,2081513E+2	3,1496884E+0	1,1894889E+3	1,3477642E+3
4,2138899E+2	3,1960310E+0	1,1894363E+3	1,3477735E+3
4,2196241E+2	3,2524170E+0	1,1893806E+3	1,3479538E+3
4,2253657E+2	3,2593461E+0	1,1893312E+3	1,3477516E+3
4,2311032E+2	3,2084139E+0	1,1892999E+3	1,3474174E+3
4,2368437E+2	3,1953307E+0	1,1892698E+3	1,3478424E+3
4,2425779E+2	3,2232108E+0	1,1892291E+3	1,3474412E+3
4,2483027E+2	3,2728912E+0	1,1891885E+3	1,3475526E+3
4,2540458E+2	3,2719674E+0	1,1891540E+3	1,3476246E+3
4,2597864E+2	3,2047929E+0	1,1891353E+3	1,3476621E+3
4,2655261E+2	3,1549485E+0	1,1891140E+3	1,3476027E+3
4,2712610E+2	3,1685831E+0	1,1890777E+3	1,3475839E+3
4,2770048E+2	3,2122435E+0	1,1890201E+3	1,3472891E+3
4,2827445E+2	3,2623561E+0	1,1889625E+3	1,3473248E+3
4,2884688E+2	3,2524766E+0	1,1889175E+3	1,3473530E+3
4,2941924E+2	3,1816812E+0	1,1888868E+3	1,3473467E+3
4,2999450E+2	3,1426402E+0	1,1888593E+3	1,3473430E+3
4,3056783E+2	3,1630995E+0	1,1888111E+3	1,3472860E+3
4,3114367E+2	3,2123180E+0	1,1887479E+3	1,3473586E+3
4,3171658E+2	3,2732936E+0	1,1886928E+3	1,3474375E+3
4,3229149E+2	3,2874646E+0	1,1886490E+3	1,3472948E+3
4,3286615E+2	3,2289626E+0	1,1886277E+3	1,3473160E+3
4,3344042E+2	3,1695815E+0	1,1886164E+3	1,3473154E+3
4,3401441E+2	3,1716974E+0	1,1885858E+3	1,3470482E+3
4,3458765E+2	3,2102766E+0	1,1885438E+3	1,3471458E+3
4,3516129E+2	3,2626392E+0	1,1884938E+3	1,3474206E+3
4,3573536E+2	3,2615515E+0	1,1884531E+3	1,3472810E+3
4,3630936E+2	3,1929614E+0	1,1884230E+3	1,3473755E+3
4,3688195E+2	3,1418653E+0	1,1883955E+3	1,3470501E+3
4,3745568E+2	3,1554254E+0	1,1883548E+3	1,3472009E+3
4,3803075E+2	3,2021405E+0	1,1883010E+3	1,3469649E+3
4,3860940E+2	3,2568278E+0	1,1882466E+3	1,3471189E+3
4,3918421E+2	3,2465311E+0	1,1882065E+3	1,3469818E+3
4,3975766E+2	3,1957628E+0	1,1881802E+3	1,3471915E+3
4,4033136E+2	3,1912925E+0	1,1881564E+3	1,3468273E+3
4,4090524E+2	3,2237323E+0	1,1881295E+3	1,3470094E+3
4,4148042E+2	3,2697322E+0	1,1880939E+3	1,3469743E+3
4,4205286E+2	3,2566341E+0	1,1880694E+3	1,3470050E+3
4,4262577E+2	3,1855257E+0	1,1880563E+3	1,3470501E+3
4,4320048E+2	3,1455459E+0	1,1880344E+3	1,3467465E+3
4,4377450E+2	3,1664969E+0	1,1879975E+3	1,3469286E+3
4,4434799E+2	3,2126160E+0	1,1879512E+3	1,3469518E+3
4,4492130E+2	3,2633992E+0	1,1879042E+3	1,3466395E+3
4,4549454E+2	3,2460095E+0	1,1878698E+3	1,3471145E+3
4,4606818E+2	3,1732472E+0	1,1878473E+3	1,3473217E+3
4,4664142E+2	3,1423571E+0	1,1878179E+3	1,3471658E+3
4,4721548E+2	3,1646492E+0	1,1877665E+3	1,3466451E+3
4,4778906E+2	3,2175483E+0	1,1877058E+3	1,3468135E+3
4,4836328E+2	3,2723399E+0	1,1876520E+3	1,3468285E+3
4,4893844E+2	3,2733681E+0	1,1876176E+3	1,3470682E+3
4,4951313E+2	3,2060446E+0	1,1876019E+3	1,3467265E+3
4,5008726E+2	3,1582566E+0	1,1875900E+3	1,3467359E+3
4,5066149E+2	3,1666013E+0	1,1875694E+3	1,3465437E+3
4,5123554E+2	3,2099785E+0	1,1875394E+3	1,3464686E+3
4,5180867E+2	3,2595994E+0	1,1875062E+3	1,3467722E+3
4,5238315E+2	3,2487216E+0	1,1874849E+3	1,3466433E+3
4,5295699E+2	3,1775685E+0	1,1874761E+3	1,3466426E+3
4,5353041E+2	3,1381400E+0	1,1874611E+3	1,3463316E+3
4,5410450E+2	3,1557234E+0	1,1874348E+3	1,3466545E+3
4,5467773E+2	3,1977745E+0	1,1873891E+3	1,3464380E+3
4,5525042E+2	3,2520594E+0	1,1873385E+3	1,3463579E+3
4,5582534E+2	3,2667818E+0	1,1873159E+3	1,3464117E+3
4,5640049E+2	3,2075496E+0	1,1873078E+3	1,3465600E+3
4,5697443E+2	3,1515064E+0	1,1873084E+3	1,3466983E+3
4,5754774E+2	3,1566473E+0	1,1872978E+3	1,3461952E+3
4,5812159E+2	3,1978043E+0	1,1872727E+3	1,3462678E+3
4,5869548E+2	3,2503458E+0	1,1872421E+3	1,3461501E+3
4,5926875E+2	3,2472612E+0	1,1872208E+3	1,3462208E+3
4,5984444E+2	3,1827243E+0	1,1872183E+3	1,3461701E+3
4,6042443E+2	3,1364562E+0	1,1872277E+3	1,3463341E+3
4,6099803E+2	3,0818285E+0	1,1872245E+3	1,3466383E+3
4,6157078E+2	2,9998870E+0	1,1871889E+3	1,3463560E+3
4,6214622E+2	2,9036553E+0	1,1871106E+3	1,3461576E+3
4,6272044E+2	2,7434679E+0	1,1870731E+3	1,3461169E+3
4,6329440E+2	2,6106687E+0	1,1870625E+3	1,3460462E+3
4,6386772E+2	2,5002958E+0	1,1870049E+3	1,3457364E+3
4,6444071E+2	2,4071486E+0	1,1868666E+3	1,3463773E+3
4,6501535E+2	2,3226441E+0	1,1866776E+3	1,3457120E+3
4,6558936E+2	2,2506715E+0	1,1864366E+3	1,3463735E+3
4,6616451E+2	2,1829159E+0	1,1861518E+3	1,3458109E+3
4,6673835E+2	2,1207036E+0	1,1858295E+3	1,3455749E+3
4,6731049E+2	2,0607711E+0	1,1854734E+3	1,3461626E+3
4,6788578E+2	2,0002724E+0	1,1850816E+3	1,3458403E+3
4,6845963E+2	1,9440652E+0	1,1846661E+3	1,3456275E+3
4,6903345E+2	1,8901826E+0	1,1842292E+3	1,3462027E+3
4,6960763E+2	1,8391610E+0	1,1837767E+3	1,3456238E+3
4,7018148E+2	1,7918945E+0	1,1833017E+3	1,3456300E+3
4,7075582E+2	1,7501266E+0	1,1828167E+3	1,3455950E+3
4,7133042E+2	1,7083139E+0	1,1823229E+3	1,3455868E+3
4,7190304E+2	1,6676636E+0	1,1818147E+3	1,3457439E+3
4,7247697E+2	1,6285182E+0	1,1813053E+3	1,3459361E+3
4,7305122E+2	1,5923084E+0	1,1807827E+3	1,3460575E+3
4,7362535E+2	1,5569181E+0	1,1802614E+3	1,3455537E+3
4,7419940E+2	1,5247763E+0	1,1797350E+3	1,3460324E+3
4,7477296E+2	1,4947952E+0	1,1792049E+3	1,3456381E+3
4,7534774E+2	1,4673472E+0	1,1786748E+3	1,3455217E+3
4,7592148E+2	1,4412851E+0	1,1781454E+3	1,3457927E+3
4,7649708E+2	1,4176966E+0	1,1776190E+3	1,3456482E+3
4,7706934E+2	1,3951213E+0	1,1770927E+3	1,3458797E+3
4,7764491E+2	1,3745726E+0	1,1765670E+3	1,3457602E+3
4,7821847E+2	1,3551415E+0	1,1760463E+3	1,3455574E+3
4,7879332E+2	1,3379008E+0	1,1755287E+3	1,3459849E+3
4,7936759E+2	1,3211072E+0	1,1750161E+3	1,3454817E+3
4,7994047E+2	1,3049693E+0	1,1745211E+3	1,3453715E+3
4,8051341E+2	1,2898148E+0	1,1740166E+3	1,3456601E+3
4,8108745E+2	1,2750030E+0	1,1735216E+3	1,3452820E+3
4,8166139E+2	1,2609810E+0	1,1730322E+3	1,3458697E+3
4,8223614E+2	1,2482107E+0	1,1725471E+3	1,3454147E+3
4,8281042E+2	1,2351126E+0	1,1720652E+3	1,3453471E+3
4,8338572E+2	1,2230874E+0	1,1715877E+3	1,3456381E+3
4,8395950E+2	1,2118966E+0	1,1711165E+3	1,3455480E+3
4,8453259E+2	1,2009741E+0	1,1706471E+3	1,3454385E+3
4,8510711E+2	1,1909605E+0	1,1701839E+3	1,3454710E+3
4,8568070E+2	1,1815131E+0	1,1697208E+3	1,3454441E+3
4,8625591E+2	1,1713655E+0	1,1692652E+3	1,3453909E+3
4,8683141E+2	1,1618138E+0	1,1688102E+3	1,3453972E+3
4,8740436E+2	1,1519939E+0	1,1683590E+3	1,3454498E+3
4,8797762E+2	1,1431128E+0	1,1679090E+3	1,3450624E+3
4,8855048E+2	1,1349023E+0	1,1674671E+3	1,3451400E+3
4,8912442E+2	1,1272580E+0	1,1670228E+3	1,3450874E+3
4,8969954E+2	1,1194796E+0	1,1665797E+3	1,3447444E+3
4,9027307E+2	1,1121333E+0	1,1661328E+3	1,3446756E+3
4,9084765E+2	1,1052639E+0	1,1656966E+3	1,3446493E+3
4,9141978E+2	1,0978133E+0	1,1652666E+3	1,3447563E+3
4,9199306E+2	1,0909886E+0	1,1648329E+3	1,3446143E+3
4,9256676E+2	1,0842831E+0	1,1644011E+3	1,3446449E+3
4,9314042E+2	1,0776073E+0	1,1639837E+3	1,3445367E+3
4,9371447E+2	1,0714830E+0	1,1635600E+3	1,3445279E+3
4,9428794E+2	1,0655523E+0	1,1631406E+3	1,3443852E+3
4,9486156E+2	1,0599346E+0	1,1627282E+3	1,3443883E+3
4,9543672E+2	1,0548235E+0	1,1623176E+3	1,3443777E+3
4,9601047E+2	1,0501445E+0	1,1619171E+3	1,3444722E+3
4,9658316E+2	1,0457040E+0	1,1615166E+3	1,3445974E+3
4,9715754E+2	1,0419042E+0	1,1611216E+3	1,3444140E+3
4,9773042E+2	1,0387600E+0	1,1607286E+3	1,3441830E+3
4,9830443E+2	1,0353625E+0	1,1603425E+3	1,3442650E+3
4,9887771E+2	1,0323972E+0	1,1599594E+3	1,3443514E+3
4,9945168E+2	1,0288209E+0	1,1595758E+3	1,3442024E+3
5,0002487E+2	1,0254682E+0	1,1592003E+3	1,3442381E+3
5,0059824E+2	1,0227711E+0	1,1588248E+3	1,3441605E+3
5,0117043E+2	1,0199249E+0	1,1584518E+3	1,3443057E+3
5,0174441E+2	1,0170192E+0	1,1580725E+3	1,3441724E+3
5,0231809E+2	1,0140092E+0	1,1577045E+3	1,3440792E+3
5,0289141E+2	1,0116101E+0	1,1573384E+3	1,3440867E+3
5,0346382E+2	1,0094643E+0	1,1569723E+3	1,3440779E+3
5,0404193E+2	1,0058284E+0	1,1566018E+3	1,3442206E+3
5,0461594E+2	1,0033846E+0	1,1562407E+3	1,3441643E+3
5,0518884E+2	1,0013283E+0	1,1558676E+3	1,3439740E+3
5,0576440E+2	9,9866098E-1	1,1555047E+3	1,3438883E+3
5,0633750E+2	9,9566585E-1	1,1551410E+3	1,3440623E+3
5,0691135E+2	9,9349028E-1	1,1547799E+3	1,3439020E+3
5,0748501E+2	9,9100178E-1	1,1544207E+3	1,3439446E+3
5,0805827E+2	9,8921364E-1	1,1540721E+3	1,3440441E+3
5,0863038E+2	9,8648673E-1	1,1537166E+3	1,3437875E+3
5,0920539E+2	9,8404294E-1	1,1533680E+3	1,3437124E+3
5,0977884E+2	9,8188227E-1	1,1530194E+3	1,3437406E+3
5,1035246E+2	9,7984081E-1	1,1526727E+3	1,3438257E+3
5,1092902E+2	9,7808248E-1	1,1523379E+3	1,3439540E+3
5,1150174E+2	9,7613042E-1	1,1520043E+3	1,3437462E+3
5,1207527E+2	9,7416347E-1	1,1516751E+3	1,3436417E+3
5,1264915E+2	9,7249454E-1	1,1513453E+3	1,3436918E+3
5,1322277E+2	9,7069150E-1	1,1510179E+3	1,3437475E+3
5,1379806E+2	9,6932059E-1	1,1506963E+3	1,3436755E+3
5,1437239E+2	9,6812850E-1	1,1503702E+3	1,3435353E+3
5,1495189E+2	9,6663838E-1	1,1500454E+3	1,3435190E+3
5,1552522E+2	9,6547609E-1	1,1497274E+3	1,3434808E+3
5,1610042E+2	9,6441811E-1	1,1494126E+3	1,3434483E+3
5,1667446E+2	9,6417969E-1	1,1490947E+3	1,3436323E+3
5,1724751E+2	9,6403068E-1	1,1487837E+3	1,3430202E+3
5,1782140E+2	9,6358365E-1	1,1484689E+3	1,3431504E+3
5,1839443E+2	9,6331543E-1	1,1481628E+3	1,3431635E+3
5,1896858E+2	9,6261507E-1	1,1478549E+3	1,3432537E+3
5,1954194E+2	9,6206373E-1	1,1475526E+3	1,3431717E+3
5,2011681E+2	9,6081203E-1	1,1472560E+3	1,3432430E+3
5,2069048E+2	9,6027559E-1	1,1469562E+3	1,3431635E+3
5,2127042E+2	9,6021598E-1	1,1466608E+3	1,3432224E+3
5,2184188E+2	9,5908350E-1	1,1463616E+3	1,3434577E+3
5,2241596E+2	9,5787650E-1	1,1460669E+3	1,3432136E+3
5,2299038E+2	9,5665461E-1	1,1457746E+3	1,3429676E+3
5,2356449E+2	9,5613306E-1	1,1454792E+3	1,3433019E+3
5,2413770E+2	9,5534330E-1	1,1451919E+3	1,3426272E+3
5,2471034E+2	9,5421082E-1	1,1448990E+3	1,3428118E+3
5,2528524E+2	9,5400220E-1	1,1446099E+3	1,3429188E+3
5,2585827E+2	9,5334655E-1	1,1443264E+3	1,3432900E+3
5,2643254E+2	9,5227366E-1	1,1440385E+3	1,3429076E+3
5,2700527E+2	9,5176702E-1	1,1437568E+3	1,3429426E+3
5,2757927E+2	9,5149880E-1	1,1434777E+3	1,3429207E+3
5,2815149E+2	9,5078355E-1	1,1431973E+3	1,3428656E+3
5,2872466E+2	9,5015770E-1	1,1429257E+3	1,3428925E+3
5,2929870E+2	9,4957655E-1	1,1426472E+3	1,3427505E+3
5,2987137E+2	9,4868248E-1	1,1423750E+3	1,3427949E+3
5,3044417E+2	9,4825035E-1	1,1421040E+3	1,3428156E+3
5,3101850E+2	9,4790762E-1	1,1418374E+3	1,3430271E+3
5,3159139E+2	9,4746059E-1	1,1415714E+3	1,3423237E+3
5,3216457E+2	9,4710296E-1	1,1413054E+3	1,3425183E+3
5,3273800E+2	9,4656652E-1	1,1410444E+3	1,3426441E+3
5,3331058E+2	9,4667083E-1	1,1407878E+3	1,3426685E+3
5,3388453E+2	9,4559794E-1	1,1405356E+3	1,3427730E+3
5,3445847E+2	9,4546383E-1	1,1402834E+3	1,3426773E+3
5,3503138E+2	9,4492739E-1	1,1400280E+3	1,3426948E+3
5,3560539E+2	9,4459957E-1	1,1397752E+3	1,3424676E+3
5,3617938E+2	9,4436115E-1	1,1395261E+3	1,3426835E+3
5,3676189E+2	9,4418233E-1	1,1392751E+3	1,3425064E+3
5,3733545E+2	9,4392901E-1	1,1390304E+3	1,3425352E+3
5,3790790E+2	9,4321376E-1	1,1387851E+3	1,3423731E+3
5,3848232E+2	9,4343727E-1	1,1385448E+3	1,3423906E+3
5,3905598E+2	9,4282633E-1	1,1383082E+3	1,3426172E+3
5,3963053E+2	9,4267732E-1	1,1380685E+3	1,3424419E+3
5,4020284E+2	9,4147032E-1	1,1378363E+3	1,3421903E+3
5,4077717E+2	9,4145542E-1	1,1376016E+3	1,3424194E+3
5,4134946E+2	9,4062096E-1	1,1373663E+3	1,3424044E+3
5,4192440E+2	9,3990570E-1	1,1371322E+3	1,3422567E+3
5,4249869E+2	9,3927985E-1	1,1369076E+3	1,3424338E+3
5,4307172E+2	9,3929475E-1	1,1366810E+3	1,3417579E+3
5,4364530E+2	9,3835598E-1	1,1364532E+3	1,3419819E+3
5,4421940E+2	9,3820697E-1	1,1362298E+3	1,3421253E+3
5,4479456E+2	9,3761092E-1	1,1360032E+3	1,3420858E+3
5,4536764E+2	9,3744701E-1	1,1357817E+3	1,3425045E+3
5,4594176E+2	9,3764072E-1	1,1355513E+3	1,3422642E+3
5,4651527E+2	9,3735760E-1	1,1353329E+3	1,3422379E+3
5,4708860E+2	9,3771523E-1	1,1351126E+3	1,3422148E+3
5,4766090E+2	9,3716389E-1	1,1348929E+3	1,3426460E+3
5,4823560E+2	9,3685096E-1	1,1346808E+3	1,3418417E+3
5,4881047E+2	9,3677646E-1	1,1344611E+3	1,3419826E+3
5,4938326E+2	9,3576318E-1	1,1342446E+3	1,3421265E+3
5,4995688E+2	9,3555456E-1	1,1340318E+3	1,3420683E+3
5,5053047E+2	9,3510753E-1	1,1338209E+3	1,3421365E+3
5,5110419E+2	9,3430286E-1	1,1336075E+3	1,3421065E+3
5,5167842E+2	9,3397504E-1	1,1333984E+3	1,3421334E+3
5,5225075E+2	9,3373662E-1	1,1331900E+3	1,3421340E+3
5,5282534E+2	9,3308097E-1	1,1329847E+3	1,3420189E+3
5,5339938E+2	9,3272334E-1	1,1327807E+3	1,3420877E+3
5,5397317E+2	9,3184417E-1	1,1325761E+3	1,3423324E+3
5,5454745E+2	9,3163555E-1	1,1323702E+3	1,3416540E+3
5,5512042E+2	9,3056267E-1	1,1321661E+3	1,3420157E+3
5,5569441E+2	9,3019014E-1	1,1319621E+3	1,3420877E+3
5,5626625E+2	9,2945998E-1	1,1317606E+3	1,3414575E+3
5,5684041E+2	9,2820829E-1	1,1315528E+3	1,3416083E+3
5,5741447E+2	9,2729932E-1	1,1313525E+3	1,3418080E+3
5,5798842E+2	9,2718011E-1	1,1311516E+3	1,3414324E+3
5,5856729E+2	9,2720991E-1	1,1309526E+3	1,3416690E+3
5,5914045E+2	9,2716521E-1	1,1307573E+3	1,3420239E+3
5,5971449E+2	9,2795497E-1	1,1305652E+3	1,3419682E+3
5,6028776E+2	9,2837220E-1	1,1303718E+3	1,3416133E+3
5,6086041E+2	9,2877453E-1	1,1301834E+3	1,3419475E+3
5,6143543E+2	9,2883414E-1	1,1299969E+3	1,3415733E+3
5,6200887E+2	9,2870003E-1	1,1298067E+3	1,3414637E+3
5,6258361E+2	9,2817848E-1	1,1296208E+3	1,3414650E+3
5,6315726E+2	9,2820829E-1	1,1294312E+3	1,3415244E+3
5,6373138E+2	9,2788046E-1	1,1292447E+3	1,3413404E+3
5,6430487E+2	9,2765694E-1	1,1290544E+3	1,3413774E+3
5,6487850E+2	9,2755264E-1	1,1288604E+3	1,3407265E+3
5,6545152E+2	9,2777615E-1	1,1286689E+3	1,3408504E+3
5,6602622E+2	9,2679268E-1	1,1284855E+3	1,3411521E+3
5,6660049E+2	9,2688208E-1	1,1282990E+3	1,3411896E+3
5,6717361E+2	9,2671817E-1	1,1281163E+3	1,3408911E+3
5,6774556E+2	9,2664367E-1	1,1279291E+3	1,3407227E+3
5,6831937E+2	9,2594331E-1	1,1277501E+3	1,3407684E+3
5,6889479E+2	9,2658406E-1	1,1275686E+3	1,3407703E+3
5,6946857E+2	9,2576450E-1	1,1273928E+3	1,3407772E+3
5,7003923E+2	9,2494493E-1	1,1272188E+3	1,3406320E+3
5,7061442E+2	9,2488533E-1	1,1270367E+3	1,3405156E+3
5,7118822E+2	9,2457240E-1	1,1268621E+3	1,3404267E+3
5,7176050E+2	9,2451280E-1	1,1266893E+3	1,3404618E+3
5,7233425E+2	9,2366343E-1	1,1265160E+3	1,3403710E+3
5,7290838E+2	9,2339521E-1	1,1263445E+3	1,3399348E+3
5,7348036E+2	9,2288857E-1	1,1261780E+3	1,3399285E+3
5,7405447E+2	9,2206901E-1	1,1260065E+3	1,3400575E+3
5,7462711E+2	9,2175608E-1	1,1258382E+3	1,3401776E+3
5,7520122E+2	9,2239683E-1	1,1256717E+3	1,3401845E+3
5,7577559E+2	9,2345482E-1	1,1255033E+3	1,3405750E+3
5,7634934E+2	9,2390185E-1	1,1253431E+3	1,3398678E+3
5,7692348E+2	9,2414027E-1	1,1251735E+3	1,3397727E+3
5,7749805E+2	9,2469161E-1	1,1250102E+3	1,3400831E+3
5,7807042E+2	9,2539197E-1	1,1248506E+3	1,3400280E+3
5,7864362E+2	9,2625624E-1	1,1246929E+3	1,3401476E+3
5,7921776E+2	9,2598801E-1	1,1245308E+3	1,3394679E+3
5,7979048E+2	9,2579430E-1	1,1243712E+3	1,3395937E+3
5,8036541E+2	9,2533236E-1	1,1242072E+3	1,3396025E+3
5,8093768E+2	9,2524296E-1	1,1240445E+3	1,3396619E+3
5,8151150E+2	9,2437869E-1	1,1238786E+3	1,3393590E+3
5,8208786E+2	9,2431908E-1	1,1237159E+3	1,3395524E+3
5,8266133E+2	9,2363363E-1	1,1235513E+3	1,3397545E+3
5,8323532E+2	9,2324620E-1	1,1233886E+3	1,3395637E+3
5,8380832E+2	9,2288857E-1	1,1232246E+3	1,3390442E+3
5,8438199E+2	9,2217332E-1	1,1230682E+3	1,3396550E+3
5,8495591E+2	9,2200940E-1	1,1229054E+3	1,3392482E+3
5,8553028E+2	9,2171138E-1	1,1227496E+3	1,3391537E+3
5,8610347E+2	9,2221802E-1	1,1225938E+3	1,3391518E+3
5,8667701E+2	9,2260545E-1	1,1224423E+3	1,3398184E+3
5,8725047E+2	9,2208391E-1	1,1222896E+3	1,3391606E+3
5,8782343E+2	9,2214351E-1	1,1221400E+3	1,3395968E+3
5,8839791E+2	9,2224782E-1	1,1219948E+3	1,3387688E+3
5,8897129E+2	9,2262035E-1	1,1218465E+3	1,3386556E+3
5,8954511E+2	9,2361873E-1	1,1217026E+3	1,3390818E+3
5,9011911E+2	9,2472142E-1	1,1215567E+3	1,3384597E+3
5,9069229E+2	9,2552608E-1	1,1214159E+3	1,3386931E+3
5,9126706E+2	9,2649465E-1	1,1212732E+3	1,3385529E+3
5,9184041E+2	9,2743343E-1	1,1211299E+3	1,3388978E+3
5,9241537E+2	9,2710560E-1	1,1209835E+3	1,3387770E+3
5,9298840E+2	9,2691189E-1	1,1208439E+3	1,3385410E+3
5,9356121E+2	9,2659896E-1	1,1206962E+3	1,3389384E+3
5,9413449E+2	9,2618173E-1	1,1205454E+3	1,3384565E+3
5,9470803E+2	9,2566019E-1	1,1203970E+3	1,3387275E+3
5,9528189E+2	9,2549628E-1	1,1202493E+3	1,3386130E+3
5,9585539E+2	9,2452770E-1	1,1201010E+3	1,3391443E+3
5,9642877E+2	9,2460221E-1	1,1199508E+3	1,3382669E+3
5,9700343E+2	9,2516845E-1	1,1198062E+3	1,3386099E+3
5,9757588E+2	9,2542177E-1	1,1196592E+3	1,3381430E+3
5,9815046E+2	9,2430418E-1	1,1195177E+3	1,3384115E+3
5,9872443E+2	9,2212861E-1	1,1193700E+3	1,3377931E+3
5,9929701E+2	9,2081731E-1	1,1192167E+3	1,3381004E+3
5,9986943E+2	9,1919308E-1	1,1190609E+3	1,3377656E+3
6,0044443E+2	9,1697281E-1	1,1189025E+3	1,3380710E+3
6,0101754E+2	9,1525918E-1	1,1187404E+3	1,3386524E+3
6,0159134E+2	9,1516977E-1	1,1185783E+3	1,3378701E+3
6,0216472E+2	9,1423100E-1	1,1184087E+3	1,3379283E+3
6,0273959E+2	9,1241306E-1	1,1182385E+3	1,3377919E+3
6,0331206E+2	9,1123586E-1	1,1180695E+3	1,3380435E+3
6,0388714E+2	9,1093784E-1	1,1178924E+3	1,3375340E+3
6,0446005E+2	9,1069942E-1	1,1177197E+3	1,3378920E+3
6,0503095E+2	9,1046100E-1	1,1175425E+3	1,3381305E+3
6,0560540E+2	9,1163820E-1	1,1173729E+3	1,3376611E+3
6,0617843E+2	9,1116136E-1	1,1171958E+3	1,3380385E+3
6,0675084E+2	9,1151899E-1	1,1170143E+3	1,3373907E+3
6,0732630E+2	9,1107195E-1	1,1168447E+3	1,3373532E+3
6,0789954E+2	9,1099745E-1	1,1166695E+3	1,3376605E+3
6,0847432E+2	9,1066962E-1	1,1165005E+3	1,3374182E+3
6,0904771E+2	9,0961164E-1	1,1163271E+3	1,3377894E+3
6,0962187E+2	9,0897089E-1	1,1161582E+3	1,3376129E+3
6,1019578E+2	9,0874737E-1	1,1159886E+3	1,3375509E+3
6,1077042E+2	9,0833014E-1	1,1158290E+3	1,3380047E+3
6,1134436E+2	9,0804701E-1	1,1156644E+3	1,3374583E+3
6,1191780E+2	9,0718275E-1	1,1155023E+3	1,3379158E+3
6,1248949E+2	9,0689963E-1	1,1153433E+3	1,3372524E+3
6,1306447E+2	9,0654200E-1	1,1151868E+3	1,3372530E+3
6,1363819E+2	9,0602046E-1	1,1150323E+3	1,3377356E+3
6,1421155E+2	9,0631848E-1	1,1148802E+3	1,3372148E+3
6,1478337E+2	9,0616947E-1	1,1147344E+3	1,3375753E+3
6,1535714E+2	9,0716785E-1	1,1145942E+3	1,3376454E+3
6,1593039E+2	9,0757018E-1	1,1144540E+3	1,3370446E+3
6,1650405E+2	9,0825563E-1	1,1143238E+3	1,3371016E+3
6,1707718E+2	9,0815132E-1	1,1141905E+3	1,3374614E+3
6,1764964E+2	9,0800231E-1	1,1140603E+3	1,3370027E+3
6,1822279E+2	9,0746587E-1	1,1139314E+3	1,3373087E+3
6,1879673E+2	9,0785330E-1	1,1138062E+3	1,3375359E+3
6,1936958E+2	9,0801721E-1	1,1136817E+3	1,3368537E+3
6,1994280E+2	9,0840464E-1	1,1135521E+3	1,3368494E+3
6,2051657E+2	9,0917950E-1	1,1134307E+3	1,3371767E+3
6,2109033E+2	9,0992456E-1	1,1133124E+3	1,3378563E+3
6,2166443E+2	9,0979045E-1	1,1131941E+3	1,3371654E+3
6,2223920E+2	9,1010338E-1	1,1130784E+3	1,3370772E+3
6,2281472E+2	9,1028219E-1	1,1129601E+3	1,3375628E+3
6,2338845E+2	9,1120606E-1	1,1128468E+3	1,3368882E+3
6,2396099E+2	9,1107195E-1	1,1127291E+3	1,3368894E+3
6,2453586E+2	9,1132527E-1	1,1126209E+3	1,3368594E+3
6,2510838E+2	9,1138488E-1	1,1125082E+3	1,3370196E+3
6,2568148E+2	9,1108685E-1	1,1123962E+3	1,3370784E+3
6,2625801E+2	9,1132527E-1	1,1122917E+3	1,3371491E+3
6,2683048E+2	9,1145938E-1	1,1121790E+3	1,3371804E+3
6,2740300E+2	9,1227894E-1	1,1120739E+3	1,3363706E+3
6,2797712E+2	9,1241306E-1	1,1119700E+3	1,3367649E+3
6,2855276E+2	9,1281539E-1	1,1118680E+3	1,3362360E+3
6,2912558E+2	9,1302400E-1	1,1117628E+3	1,3365377E+3
6,2969959E+2	9,1336673E-1	1,1116652E+3	1,3364544E+3
6,3027319E+2	9,1339653E-1	1,1115613E+3	1,3365227E+3
6,3084717E+2	9,1421610E-1	1,1114649E+3	1,3364932E+3
6,3142047E+2	9,1479724E-1	1,1113723E+3	1,3365114E+3
6,3199321E+2	9,1458863E-1	1,1112765E+3	1,3359594E+3
6,3256942E+2	9,1463333E-1	1,1111814E+3	1,3359682E+3
6,3314440E+2	9,1399258E-1	1,1110850E+3	1,3361640E+3
6,3371986E+2	9,1390317E-1	1,1109880E+3	1,3357679E+3
6,3429158E+2	9,1344124E-1	1,1108979E+3	1,3359769E+3
6,3486527E+2	9,1317301E-1	1,1107990E+3	1,3359375E+3
6,3544033E+2	9,1367965E-1	1,1107070E+3	1,3360032E+3
6,3601448E+2	9,1324752E-1	1,1106119E+3	1,3360101E+3
6,3658858E+2	9,1338163E-1	1,1105199E+3	1,3360032E+3
6,3716042E+2	9,1317301E-1	1,1104279E+3	1,3362573E+3
6,3773448E+2	9,1275578E-1	1,1103340E+3	1,3356527E+3
6,3830805E+2	9,1244286E-1	1,1102489E+3	1,3354518E+3
6,3888073E+2	9,1238325E-1	1,1101582E+3	1,3355100E+3
6,3945449E+2	9,1212993E-1	1,1100687E+3	1,3353749E+3
6,4002900E+2	9,1199582E-1	1,1099798E+3	1,3355670E+3
6,4060146E+2	9,1177231E-1	1,1098915E+3	1,3353661E+3
6,4117609E+2	9,1154879E-1	1,1098033E+3	1,3356183E+3
6,4175075E+2	9,1131037E-1	1,1097213E+3	1,3353892E+3
6,4232398E+2	9,1141468E-1	1,1096306E+3	1,3356665E+3
6,4289777E+2	9,1010338E-1	1,1095411E+3	1,3354600E+3
6,4347041E+2	9,0970104E-1	1,1094553E+3	1,3351658E+3
6,4404439E+2	9,0898579E-1	1,1093658E+3	1,3352791E+3
6,4461776E+2	9,0870267E-1	1,1092788E+3	1,3355901E+3
6,4519147E+2	9,0834504E-1	1,1091918E+3	1,3352040E+3
6,4576545E+2	9,0768939E-1	1,1091011E+3	1,3353986E+3
6,4633886E+2	9,0639299E-1	1,1090128E+3	1,3358643E+3
6,4691304E+2	9,0593105E-1	1,1089309E+3	1,3351352E+3
6,4748766E+2	9,0526050E-1	1,1088432E+3	1,3350582E+3
6,4806049E+2	9,0484327E-1	1,1087606E+3	1,3352822E+3
6,4863485E+2	9,0362137E-1	1,1086780E+3	1,3349493E+3
6,4920837E+2	9,0307003E-1	1,1085960E+3	1,3350951E+3
6,4978449E+2	9,0198224E-1	1,1085128E+3	1,3353986E+3
6,5035771E+2	9,0222066E-1	1,1084333E+3	1,3349662E+3
6,5093148E+2	9,0165442E-1	1,1083488E+3	1,3351765E+3
6,5150509E+2	9,0077525E-1	1,1082668E+3	1,3355789E+3
6,5207867E+2	9,0043252E-1	1,1081842E+3	1,3350331E+3
6,5265385E+2	9,0070074E-1	1,1080972E+3	1,3352678E+3
6,5322747E+2	9,0150540E-1	1,1080184E+3	1,3351671E+3
6,5380092E+2	9,0040272E-1	1,1079358E+3	1,3352847E+3
6,5437328E+2	9,0011960E-1	1,1078557E+3	1,3348060E+3
6,5494606E+2	8,9967256E-1	1,1077699E+3	1,3349668E+3
6,5551996E+2	8,9846557E-1	1,1076848E+3	1,3349449E+3
6,5609316E+2	8,9772051E-1	1,1075978E+3	1,3353091E+3
6,5666717E+2	8,9712446E-1	1,1075064E+3	1,3346457E+3
6,5723924E+2	8,9582806E-1	1,1074107E+3	1,3344448E+3
6,5781179E+2	8,9503830E-1	1,1073080E+3	1,3346332E+3
6,5838715E+2	8,9439755E-1	1,1072110E+3	1,3344718E+3
6,5896051E+2	8,9372700E-1	1,1071090E+3	1,3347571E+3
6,5953367E+2	8,9322036E-1	1,1070095E+3	1,3343967E+3
6,6010765E+2	8,9229649E-1	1,1069081E+3	1,3345581E+3
6,6068130E+2	8,9183455E-1	1,1068117E+3	1,3349393E+3
6,6125470E+2	8,9120870E-1	1,1067160E+3	1,3346883E+3
6,6182855E+2	8,9001661E-1	1,1066246E+3	1,3352966E+3
6,6240148E+2	8,8958448E-1	1,1065276E+3	1,3346026E+3
6,6297436E+2	8,8942056E-1	1,1064412E+3	1,3349461E+3
6,6354711E+2	8,8922685E-1	1,1063517E+3	1,3343816E+3
6,6412060E+2	8,8904803E-1	1,1062741E+3	1,3345550E+3
6,6469294E+2	8,8913744E-1	1,1061865E+3	1,3350244E+3
6,6526695E+2	8,8925665E-1	1,1061083E+3	1,3343973E+3
6,6584050E+2	8,8980799E-1	1,1060288E+3	1,3346063E+3
6,6641449E+2	8,9007621E-1	1,1059487E+3	1,3343873E+3
6,6698767E+2	8,8971859E-1	1,1058717E+3	1,3346996E+3
6,6756246E+2	8,9015072E-1	1,1057954E+3	1,3341482E+3
6,6813600E+2	8,9021032E-1	1,1057203E+3	1,3343153E+3
6,6870927E+2	8,8940566E-1	1,1056495E+3	1,3347064E+3
6,6928186E+2	8,9003151E-1	1,1055776E+3	1,3341488E+3
6,6985497E+2	8,8982289E-1	1,1055075E+3	1,3343516E+3
6,7042927E+2	8,9003151E-1	1,1054380E+3	1,3342101E+3
6,7100441E+2	8,9080637E-1	1,1053635E+3	1,3345300E+3
6,7157854E+2	8,9128321E-1	1,1052953E+3	1,3338534E+3
6,7215146E+2	8,9202827E-1	1,1052283E+3	1,3337420E+3
6,7272628E+2	8,9208787E-1	1,1051551E+3	1,3339798E+3
6,7329840E+2	8,9259451E-1	1,1050938E+3	1,3345024E+3
6,7387074E+2	8,9298194E-1	1,1050224E+3	1,3338872E+3
6,7444559E+2	8,9304154E-1	1,1049592E+3	1,3342089E+3
6,7501899E+2	8,9310115E-1	1,1048885E+3	1,3339955E+3
6,7559447E+2	8,9313095E-1	1,1048240E+3	1,3341307E+3
6,7616836E+2	8,9320546E-1	1,1047583E+3	1,3336325E+3
6,7674142E+2	8,9314585E-1	1,1046932E+3	1,3338152E+3
6,7731519E+2	8,9275842E-1	1,1046294E+3	1,3334379E+3
6,7788837E+2	8,9360779E-1	1,1045687E+3	1,3335098E+3
6,7846260E+2	8,9344388E-1	1,1044986E+3	1,3337608E+3
6,7903718E+2	8,9393561E-1	1,1044385E+3	1,3333734E+3
6,7961326E+2	8,9356309E-1	1,1043753E+3	1,3334817E+3
6,8018807E+2	8,9402502E-1	1,1043115E+3	1,3337758E+3
6,8076220E+2	8,9380150E-1	1,1042476E+3	1,3333390E+3
6,8133543E+2	8,9369720E-1	1,1041869E+3	1,3334810E+3
6,8190906E+2	8,9401012E-1	1,1041300E+3	1,3338159E+3
6,8248442E+2	8,9377170E-1	1,1040643E+3	1,3333108E+3
6,8305874E+2	8,9374190E-1	1,1040042E+3	1,3334810E+3
6,8363148E+2	8,9302664E-1	1,1039435E+3	1,3333346E+3
6,8420536E+2	8,9271372E-1	1,1038815E+3	1,3336456E+3
6,8477799E+2	8,9202827E-1	1,1038152E+3	1,3331631E+3
6,8535228E+2	8,9092558E-1	1,1037513E+3	1,3333171E+3
6,8592594E+2	8,8989740E-1	1,1036856E+3	1,3337445E+3
6,8650061E+2	8,8948017E-1	1,1036193E+3	1,3331600E+3
6,8707446E+2	8,8849669E-1	1,1035479E+3	1,3334554E+3
6,8764800E+2	8,8800495E-1	1,1034885E+3	1,3332927E+3
6,8822130E+2	8,8764732E-1	1,1034178E+3	1,3336050E+3
6,8879535E+2	8,8706618E-1	1,1033552E+3	1,3328890E+3
6,8936822E+2	8,8652974E-1	1,1032895E+3	1,3331781E+3
6,8994127E+2	8,8633602E-1	1,1032263E+3	1,3338453E+3
6,9051546E+2	8,8575488E-1	1,1031618E+3	1,3330717E+3
6,9108943E+2	8,8496511E-1	1,1030980E+3	1,3329985E+3
6,9166301E+2	8,8462239E-1	1,1030272E+3	1,3333602E+3
6,9223705E+2	8,8350480E-1	1,1029665E+3	1,3328470E+3
6,9281247E+2	8,8278955E-1	1,1029008E+3	1,3330279E+3
6,9338634E+2	8,8210409E-1	1,1028307E+3	1,3334979E+3
6,9396092E+2	8,8147824E-1	1,1027644E+3	1,3326818E+3
6,9453462E+2	8,8080769E-1	1,1026987E+3	1,3323877E+3
6,9510867E+2	8,8046496E-1	1,1026304E+3	1,3323745E+3
6,9568155E+2	8,7994342E-1	1,1025691E+3	1,3325767E+3
6,9625623E+2	8,7998813E-1	1,1025059E+3	1,3322650E+3
6,9682931E+2	8,7876623E-1	1,1024427E+3	1,3323445E+3
6,9740472E+2	8,7906425E-1	1,1023789E+3	1,3326205E+3
6,9797700E+2	8,7817018E-1	1,1023163E+3	1,3322581E+3
6,9854885E+2	8,7739532E-1	1,1022537E+3	1,3323827E+3
6,9912228E+2	8,7670987E-1	1,1021930E+3	1,3327012E+3
6,9969597E+2	8,7590521E-1	1,1021341E+3	1,3322412E+3
7,0027031E+2	8,7505584E-1	1,1020634E+3	1,3323752E+3
7,0084473E+2	8,7174778E-1	1,1020065E+3	1,3323088E+3
7,0141777E+2	8,7076431E-1	1,1019445E+3	1,3326180E+3
7,0199203E+2	8,7036198E-1	1,1018813E+3	1,3321499E+3
7,0256717E+2	8,6961692E-1	1,1018193E+3	1,3322888E+3
7,0313864E+2	8,6894637E-1	1,1017561E+3	1,3322681E+3
7,0371136E+2	8,6839502E-1	1,1016986E+3	1,3325879E+3
7,0428599E+2	8,6778408E-1	1,1016397E+3	1,3320804E+3
7,0485908E+2	8,6680060E-1	1,1015796E+3	1,3321899E+3
7,0543331E+2	8,6654728E-1	1,1015214E+3	1,3325498E+3
7,0600815E+2	8,6575752E-1	1,1014601E+3	1,3322913E+3
7,0658191E+2	8,6575752E-1	1,1014032E+3	1,3318820E+3
7,0715539E+2	8,6520617E-1	1,1013487E+3	1,3319634E+3
7,0772927E+2	8,6478894E-1	1,1012918E+3	1,3322932E+3
7,0830193E+2	8,6401408E-1	1,1012323E+3	1,3317925E+3
7,0887699E+2	8,6365645E-1	1,1011766E+3	1,3319471E+3
7,0945029E+2	8,6380546E-1	1,1011203E+3	1,3318576E+3
7,1002433E+2	8,6298590E-1	1,1010627E+3	1,3321448E+3
7,1059806E+2	8,6328392E-1	1,1010057E+3	1,3316780E+3
7,1117015E+2	8,6288159E-1	1,1009569E+3	1,3317775E+3
7,1174542E+2	8,6261337E-1	1,1008975E+3	1,3321085E+3
7,1231922E+2	8,6213653E-1	1,1008374E+3	1,3315866E+3
7,1289492E+2	8,6198752E-1	1,1007873E+3	1,3316886E+3
7,1346840E+2	8,6161499E-1	1,1007272E+3	1,3319746E+3
7,1404155E+2	8,6174910E-1	1,1006784E+3	1,3314827E+3
7,1461524E+2	8,6173420E-1	1,1006265E+3	1,3315666E+3
7,1518941E+2	8,6168950E-1	1,1005701E+3	1,3318832E+3
7,1576172E+2	8,6098915E-1	1,1005213E+3	1,3313694E+3
7,1633584E+2	8,6094444E-1	1,1004675E+3	1,3315102E+3
7,1690881E+2	8,6010998E-1	1,1004131E+3	1,3318676E+3
7,1748256E+2	8,6042290E-1	1,1003605E+3	1,3313381E+3
7,1805862E+2	8,6013978E-1	1,1003079E+3	1,3314620E+3
7,1863038E+2	8,6008017E-1	1,1002604E+3	1,3318044E+3
7,1920526E+2	8,5993116E-1	1,1002103E+3	1,3312962E+3
7,1977758E+2	8,5990136E-1	1,1001552E+3	1,3313181E+3
7,2035211E+2	8,5914140E-1	1,1001045E+3	1,3312430E+3
7,2092717E+2	8,5926061E-1	1,1000557E+3	1,3315684E+3
7,2150204E+2	8,5917120E-1	1,1000056E+3	1,3311141E+3
7,2207665E+2	8,5859006E-1	1,0999499E+3	1,3311779E+3
7,2265047E+2	8,5853045E-1	1,0999042E+3	1,3314890E+3
7,2322473E+2	8,5841124E-1	1,0998473E+3	1,3309914E+3
7,2379818E+2	8,5823243E-1	1,0997985E+3	1,3310784E+3
7,2437339E+2	8,5778540E-1	1,0997465E+3	1,3310803E+3
7,2494617E+2	8,5799401E-1	1,0996952E+3	1,3310696E+3
7,2552046E+2	8,5745757E-1	1,0996483E+3	1,3309582E+3
7,2609356E+2	8,5742777E-1	1,0995970E+3	1,3308813E+3
7,2666724E+2	8,5668271E-1	1,0995481E+3	1,3307761E+3
7,2724145E+2	8,5696583E-1	1,0994987E+3	1,3311178E+3
7,2781613E+2	8,5701053E-1	1,0994461E+3	1,3307567E+3
7,2839041E+2	8,5644429E-1	1,0994004E+3	1,3309551E+3
7,2896522E+2	8,5608666E-1	1,0993510E+3	1,3308362E+3
7,2953935E+2	8,5635488E-1	1,0993041E+3	1,3311704E+3
7,3011154E+2	8,5638469E-1	1,0992540E+3	1,3306722E+3
7,3068449E+2	8,5657840E-1	1,0992096E+3	1,3307780E+3
7,3125799E+2	8,5622077E-1	1,0991639E+3	1,3308568E+3
7,3183168E+2	8,5644429E-1	1,0991201E+3	1,3307830E+3
7,3240720E+2	8,5696583E-1	1,0990756E+3	1,3310252E+3
7,3298154E+2	8,5735326E-1	1,0990306E+3	1,3306797E+3
7,3355672E+2	8,5742777E-1	1,0989861E+3	1,3308562E+3
7,3412916E+2	8,5757678E-1	1,0989429E+3	1,3306935E+3
7,3470304E+2	8,5759168E-1	1,0988985E+3	1,3308931E+3
7,3527793E+2	8,5788970E-1	1,0988559E+3	1,3306397E+3
7,3585146E+2	8,5802381E-1	1,0988153E+3	1,3308262E+3
7,3642531E+2	8,5866456E-1	1,0987715E+3	1,3305959E+3
7,3699979E+2	8,5924571E-1	1,0987308E+3	1,3308299E+3
7,3757338E+2	8,5940962E-1	1,0986882E+3	1,3305771E+3
7,3814933E+2	8,5994606E-1	1,0986475E+3	1,3307736E+3
7,3872228E+2	8,5979705E-1	1,0986062E+3	1,3306096E+3
7,3929610E+2	8,5945433E-1	1,0985706E+3	1,3308387E+3
7,3987049E+2	8,5943942E-1	1,0985261E+3	1,3303217E+3
7,4044447E+2	8,5949903E-1	1,0984811E+3	1,3304964E+3
7,4101924E+2	8,5914140E-1	1,0984398E+3	1,3306729E+3
7,4159165E+2	8,5870927E-1	1,0983985E+3	1,3306115E+3
7,4216717E+2	8,5818773E-1	1,0983478E+3	1,3308587E+3
7,4274170E+2	8,5802381E-1	1,0983071E+3	1,3303142E+3
7,4331533E+2	8,5790460E-1	1,0982614E+3	1,3304006E+3
7,4388906E+2	8,5739797E-1	1,0982132E+3	1,3306071E+3
7,4446385E+2	8,5720425E-1	1,0981694E+3	1,3299187E+3
7,4503694E+2	8,5656350E-1	1,0981225E+3	1,3300658E+3
7,4561132E+2	8,5628038E-1	1,0980768E+3	1,3296746E+3
7,4618644E+2	8,5633998E-1	1,0980348E+3	1,3298255E+3
7,4676039E+2	8,5631018E-1	1,0979904E+3	1,3302554E+3
7,4733448E+2	8,5651880E-1	1,0979472E+3	1,3298054E+3
7,4790791E+2	8,5675722E-1	1,0979047E+3	1,3299719E+3
7,4848146E+2	8,5686152E-1	1,0978590E+3	1,3301140E+3
7,4905575E+2	8,5742777E-1	1,0978202E+3	1,3299243E+3
7,4963033E+2	8,5707014E-1	1,0977814E+3	1,3301340E+3
7,5020443E+2	8,5687642E-1	1,0977407E+3	1,3300401E+3
7,5077836E+2	8,5715955E-1	1,0977006E+3	1,3302998E+3
7,5135043E+2	8,5695093E-1	1,0976625E+3	1,3297823E+3
7,5192432E+2	8,5704034E-1	1,0976199E+3	1,3299149E+3
7,5249854E+2	8,5702544E-1	1,0975786E+3	1,3299043E+3
7,5307171E+2	8,5726385E-1	1,0975404E+3	1,3298267E+3
7,5364540E+2	8,5739797E-1	1,0975041E+3	1,3296590E+3
7,5422045E+2	8,5780030E-1	1,0974622E+3	1,3297572E+3
7,5479449E+2	8,5796421E-1	1,0974284E+3	1,3303994E+3
7,5536840E+2	8,5826223E-1	1,0973921E+3	1,3297472E+3
7,5594131E+2	8,5824733E-1	1,0973589E+3	1,3301240E+3
7,5651573E+2	8,5854535E-1	1,0973182E+3	1,3296264E+3
7,5708839E+2	8,5830694E-1	1,0972794E+3	1,3298505E+3
7,5766318E+2	8,5864966E-1	1,0972444E+3	1,3304338E+3
7,5823752E+2	8,5867946E-1	1,0972062E+3	1,3296721E+3
7,5881139E+2	8,5847085E-1	1,0971718E+3	1,3299387E+3
7,5938445E+2	8,5826223E-1	1,0971305E+3	1,3294105E+3
7,5995773E+2	8,5850065E-1	1,0970948E+3	1,3296596E+3
7,6053041E+2	8,5879867E-1	1,0970629E+3	1,3295764E+3
7,6110540E+2	8,5899239E-1	1,0970253E+3	1,3296790E+3
7,6168294E+2	8,5863476E-1	1,0969909E+3	1,3295451E+3
7,6225894E+2	8,5912650E-1	1,0969565E+3	1,3293917E+3
7,6283307E+2	8,5870927E-1	1,0969196E+3	1,3288422E+3
7,6340783E+2	8,5885828E-1	1,0968839E+3	1,3290976E+3
7,6398154E+2	8,5848575E-1	1,0968507E+3	1,3290463E+3
7,6455534E+2	8,5848575E-1	1,0968126E+3	1,3294493E+3
7,6512953E+2	8,5823243E-1	1,0967763E+3	1,3294769E+3
7,6570312E+2	8,5780030E-1	1,0967431E+3	1,3289536E+3
7,6627765E+2	8,5778540E-1	1,0967068E+3	1,3292841E+3
7,6685300E+2	8,5762148E-1	1,0966655E+3	1,3289123E+3
7,6742694E+2	8,5750227E-1	1,0966317E+3	1,3291195E+3
7,6800277E+2	8,5709994E-1	1,0965960E+3	1,3292434E+3
7,6857602E+2	8,5747247E-1	1,0965653E+3	1,3291865E+3
7,6914941E+2	8,5651880E-1	1,0965284E+3	1,3292591E+3
7,6972333E+2	8,5605686E-1	1,0964952E+3	1,3292415E+3
7,7029716E+2	8,5577374E-1	1,0964558E+3	1,3292084E+3
7,7087059E+2	8,5558002E-1	1,0964226E+3	1,3285631E+3
7,7144440E+2	8,5508828E-1	1,0963813E+3	1,3289142E+3
7,7201780E+2	8,5403030E-1	1,0963463E+3	1,3289392E+3
7,7259146E+2	8,5335975E-1	1,0963131E+3	1,3289461E+3
7,7316543E+2	8,5347896E-1	1,0962781E+3	1,3289292E+3
7,7373923E+2	8,5264449E-1	1,0962399E+3	1,3289931E+3
7,7431449E+2	8,5279351E-1	1,0961998E+3	1,3284605E+3
7,7488778E+2	8,5234647E-1	1,0961692E+3	1,3286708E+3
7,7546043E+2	8,5262959E-1	1,0961354E+3	1,3287947E+3
7,7603447E+2	8,5312133E-1	1,0960978E+3	1,3284868E+3
7,7660774E+2	8,5324054E-1	1,0960622E+3	1,3286833E+3
7,7718274E+2	8,5352366E-1	1,0960240E+3	1,3289912E+3
7,7775650E+2	8,5386639E-1	1,0959877E+3	1,3289205E+3
7,7833034E+2	8,5431342E-1	1,0959520E+3	1,3282421E+3
7,7890343E+2	8,5464125E-1	1,0959113E+3	1,3285988E+3
7,7947709E+2	8,5484987E-1	1,0958725E+3	1,3281989E+3
7,8005153E+2	8,5504358E-1	1,0958362E+3	1,3282245E+3
7,8062722E+2	8,5559492E-1	1,0957974E+3	1,3277627E+3
7,8120201E+2	8,5541611E-1	1,0957524E+3	1,3280631E+3
7,8177707E+2	8,5608666E-1	1,0957167E+3	1,3282483E+3
7,8235142E+2	8,5613137E-1	1,0956748E+3	1,3278365E+3
7,8292443E+2	8,5671251E-1	1,0956372E+3	1,3276919E+3
7,8349664E+2	8,5645919E-1	1,0956047E+3	1,3279811E+3
7,8406864E+2	8,5644429E-1	1,0955627E+3	1,3279441E+3
7,8464254E+2	8,5623567E-1	1,0955233E+3	1,3276124E+3
7,8521792E+2	8,5631018E-1	1,0954889E+3	1,3278102E+3
7,8579134E+2	8,5617607E-1	1,0954507E+3	1,3282114E+3
7,8636669E+2	8,5681682E-1	1,0954194E+3	1,3278002E+3
7,8693939E+2	8,5689133E-1	1,0953856E+3	1,3273296E+3
7,8751449E+2	8,5674231E-1	1,0953481E+3	1,3272545E+3
7,8808712E+2	8,5623567E-1	1,0953168E+3	1,3277683E+3
7,8866148E+2	8,5593765E-1	1,0952792E+3	1,3275999E+3
7,8923550E+2	8,5589295E-1	1,0952448E+3	1,3277958E+3
7,8980865E+2	8,5595255E-1	1,0952148E+3	1,3273333E+3
7,9038156E+2	8,5535651E-1	1,0951766E+3	1,3276525E+3
7,9095502E+2	8,5531180E-1	1,0951478E+3	1,3273020E+3
7,9152903E+2	8,5437303E-1	1,0951084E+3	1,3275624E+3
7,9210183E+2	8,5403030E-1	1,0950790E+3	1,3280412E+3
7,9267620E+2	8,5358327E-1	1,0950489E+3	1,3275649E+3
7,9325134E+2	8,5353856E-1	1,0950114E+3	1,3279085E+3
7,9382545E+2	8,5280841E-1	1,0949832E+3	1,3270060E+3
7,9440038E+2	8,5285311E-1	1,0949469E+3	1,3267982E+3
7,9497443E+2	8,5204845E-1	1,0949156E+3	1,3272670E+3
7,9554906E+2	8,5176533E-1	1,0948831E+3	1,3272163E+3
7,9612160E+2	8,5139280E-1	1,0948511E+3	1,3268170E+3
7,9669607E+2	8,5073715E-1	1,0948192E+3	1,3267669E+3
7,9727049E+2	8,5076695E-1	1,0947879E+3	1,3270504E+3
7,9784246E+2	8,5054343E-1	1,0947566E+3	1,3269347E+3
7,9841586E+2	8,5031991E-1	1,0947260E+3	1,3268908E+3
7,9899042E+2	8,4982817E-1	1,0946984E+3	1,3270198E+3
7,9956451E+2	8,4944074E-1	1,0946690E+3	1,3266987E+3
8,0013752E+2	8,4891920E-1	1,0946377E+3	1,3271255E+3
8,0071143E+2	8,4874039E-1	1,0946064E+3	1,3268195E+3
8,0128533E+2	8,4827845E-1	1,0945776E+3	1,3266505E+3
8,0185783E+2	8,4836786E-1	1,0945514E+3	1,3268445E+3
8,0243141E+2	8,4801023E-1	1,0945226E+3	1,3268445E+3
8,0300540E+2	8,4775691E-1	1,0945032E+3	1,3267932E+3
8,0357831E+2	8,4765261E-1	1,0944713E+3	1,3267106E+3
8,0415301E+2	8,4739929E-1	1,0944400E+3	1,3269378E+3
8,0472694E+2	8,4757810E-1	1,0944149E+3	1,3269484E+3
8,0530048E+2	8,4739929E-1	1,0943893E+3	1,3267256E+3
8,0587282E+2	8,4696715E-1	1,0943617E+3	1,3265072E+3
8,0644717E+2	8,4686284E-1	1,0943336E+3	1,3263169E+3
8,0702041E+2	8,4665423E-1	1,0943129E+3	1,3263795E+3
8,0759443E+2	8,4677344E-1	1,0942816E+3	1,3266580E+3
8,0816911E+2	8,4674363E-1	1,0942547E+3	1,3265422E+3
8,0874442E+2	8,4666913E-1	1,0942278E+3	1,3264359E+3
8,0931942E+2	8,4684794E-1	1,0942034E+3	1,3261405E+3
8,0989451E+2	8,4628170E-1	1,0941771E+3	1,3264102E+3
8,1046861E+2	8,4662442E-1	1,0941464E+3	1,3264058E+3
8,1104306E+2	8,4669893E-1	1,0941183E+3	1,3263958E+3
8,1161677E+2	8,4652012E-1	1,0940901E+3	1,3261060E+3
8,1219047E+2	8,4683304E-1	1,0940632E+3	1,3258100E+3
8,1276455E+2	8,4680324E-1	1,0940369E+3	1,3260935E+3
8,1333761E+2	8,4654992E-1	1,0940019E+3	1,3259577E+3
8,1391202E+2	8,4649031E-1	1,0939793E+3	1,3260134E+3
8,1448675E+2	8,4669893E-1	1,0939537E+3	1,3257606E+3
8,1505968E+2	8,4581976E-1	1,0939305E+3	1,3255359E+3
8,1563179E+2	8,4607308E-1	1,0939011E+3	1,3259671E+3
8,1620540E+2	8,4555154E-1	1,0938742E+3	1,3256798E+3
8,1677851E+2	8,4587937E-1	1,0938529E+3	1,3257224E+3
8,1735142E+2	8,4522372E-1	1,0938241E+3	1,3258507E+3
8,1792449E+2	8,4529822E-1	1,0937985E+3	1,3258144E+3
8,1849887E+2	8,4507470E-1	1,0937709E+3	1,3259396E+3
8,1907167E+2	8,4443395E-1	1,0937415E+3	1,3257412E+3
8,1964698E+2	8,4447866E-1	1,0937146E+3	1,3256279E+3
8,2022047E+2	8,4441905E-1	1,0936939E+3	1,3254952E+3
8,2079442E+2	8,4380811E-1	1,0936658E+3	1,3257556E+3
8,2136707E+2	8,4386771E-1	1,0936395E+3	1,3259577E+3
8,2194046E+2	8,4406142E-1	1,0936157E+3	1,3256072E+3
8,2251542E+2	8,4395712E-1	1,0935888E+3	1,3256948E+3
8,2308874E+2	8,4429984E-1	1,0935631E+3	1,3258601E+3
8,2366041E+2	8,4464257E-1	1,0935362E+3	1,3254433E+3
8,2423342E+2	8,4491079E-1	1,0935137E+3	1,3256160E+3
8,2480703E+2	8,4459787E-1	1,0934912E+3	1,3250045E+3
8,2537944E+2	8,4510451E-1	1,0934643E+3	1,3247304E+3
8,2595443E+2	8,4520881E-1	1,0934386E+3	1,3247085E+3
8,2652822E+2	8,4561115E-1	1,0934148E+3	1,3248199E+3
8,2711048E+2	8,4537273E-1	1,0933904E+3	1,3249075E+3
8,2768447E+2	8,4561115E-1	1,0933654E+3	1,3250646E+3
8,2825768E+2	8,4525352E-1	1,0933460E+3	1,3248687E+3
8,2883042E+2	8,4538763E-1	1,0933184E+3	1,3246797E+3
8,2940459E+2	8,4540253E-1	1,0932947E+3	1,3248237E+3
8,2997797E+2	8,4556644E-1	1,0932659E+3	1,3250077E+3
8,3055147E+2	8,4559624E-1	1,0932458E+3	1,3246466E+3
8,3112450E+2	8,4520881E-1	1,0932183E+3	1,3245170E+3
8,3169868E+2	8,4590917E-1	1,0931945E+3	1,3245314E+3
8,3227448E+2	8,4574526E-1	1,0931726E+3	1,3247417E+3
8,3284731E+2	8,4547704E-1	1,0931488E+3	1,3249470E+3
8,3342049E+2	8,4544723E-1	1,0931175E+3	1,3245858E+3
8,3399301E+2	8,4535783E-1	1,0930931E+3	1,3246641E+3
8,3456716E+2	8,4532802E-1	1,0930656E+3	1,3244901E+3
8,3513938E+2	8,4514921E-1	1,0930437E+3	1,3245076E+3
8,3571156E+2	8,4531312E-1	1,0930212E+3	1,3247148E+3
8,3628991E+2	8,4516411E-1	1,0930005E+3	1,3252517E+3
8,3686284E+2	8,4532802E-1	1,0929723E+3	1,3248399E+3
8,3743613E+2	8,4544723E-1	1,0929529E+3	1,3244225E+3
8,3800951E+2	8,4583466E-1	1,0929235E+3	1,3242216E+3
8,3858450E+2	8,4631150E-1	1,0929048E+3	1,3246816E+3
8,3915710E+2	8,4631150E-1	1,0928822E+3	1,3242347E+3
8,3973038E+2	8,4643071E-1	1,0928628E+3	1,3240608E+3
8,4030443E+2	8,4683304E-1	1,0928459E+3	1,3245258E+3
8,4087877E+2	8,4693735E-1	1,0928278E+3	1,3245070E+3
8,4145042E+2	8,4690755E-1	1,0928021E+3	1,3240589E+3
8,4202462E+2	8,4698205E-1	1,0927865E+3	1,3244751E+3
8,4259855E+2	8,4729498E-1	1,0927646E+3	1,3240382E+3
8,4317050E+2	8,4684794E-1	1,0927458E+3	1,3238642E+3
8,4374445E+2	8,4702676E-1	1,0927283E+3	1,3238135E+3
8,4431701E+2	8,4677344E-1	1,0927126E+3	1,3239957E+3
8,4489142E+2	8,4640091E-1	1,0926876E+3	1,3242523E+3
8,4546537E+2	8,4596877E-1	1,0926676E+3	1,3238805E+3
8,4603931E+2	8,4528332E-1	1,0926457E+3	1,3239706E+3
8,4661195E+2	8,4513431E-1	1,0926237E+3	1,3237672E+3
8,4718728E+2	8,4516411E-1	1,0925968E+3	1,3238198E+3
8,4776103E+2	8,4543233E-1	1,0925743E+3	1,3240451E+3
8,4833551E+2	8,4471708E-1	1,0925505E+3	1,3237384E+3
8,4890913E+2	8,4500020E-1	1,0925305E+3	1,3237729E+3
8,4948301E+2	8,4468727E-1	1,0925086E+3	1,3239519E+3
8,5005759E+2	8,4449356E-1	1,0924873E+3	1,3239537E+3
8,5063117E+2	8,4432965E-1	1,0924648E+3	1,3236658E+3
8,5120544E+2	8,4458297E-1	1,0924448E+3	1,3241227E+3
8,5177895E+2	8,4474688E-1	1,0924247E+3	1,3238786E+3
8,5235303E+2	8,4480648E-1	1,0924034E+3	1,3237416E+3
8,5292740E+2	8,4473198E-1	1,0923828E+3	1,3234368E+3
8,5350188E+2	8,4471708E-1	1,0923634E+3	1,3237716E+3
8,5407589E+2	8,4440415E-1	1,0923471E+3	1,3235175E+3
8,5464873E+2	8,4485119E-1	1,0923271E+3	1,3240051E+3
8,5522152E+2	8,4422534E-1	1,0923077E+3	1,3238405E+3
8,5579531E+2	8,4443395E-1	1,0922920E+3	1,3234193E+3
8,5636847E+2	8,4455316E-1	1,0922695E+3	1,3233323E+3
8,5694245E+2	8,4425514E-1	1,0922507E+3	1,3237697E+3
8,5751759E+2	8,4409123E-1	1,0922332E+3	1,3233204E+3
8,5809150E+2	8,4447866E-1	1,0922151E+3	1,3230788E+3
8,5866608E+2	8,4392731E-1	1,0921975E+3	1,3234092E+3
8,5923898E+2	8,4389751E-1	1,0921775E+3	1,3234099E+3
8,5981310E+2	8,4374850E-1	1,0921612E+3	1,3231433E+3
8,6038703E+2	8,4367399E-1	1,0921475E+3	1,3232252E+3
8,6096148E+2	8,4352498E-1	1,0921274E+3	1,3234224E+3
8,6153583E+2	8,4340577E-1	1,0921068E+3	1,3231070E+3
8,6210978E+2	8,4333127E-1	1,0920886E+3	1,3231483E+3
8,6268444E+2	8,4358459E-1	1,0920768E+3	1,3229949E+3
8,6325764E+2	8,4318226E-1	1,0920605E+3	1,3230131E+3
8,6383132E+2	8,4346538E-1	1,0920430E+3	1,3232860E+3
8,6440548E+2	8,4324186E-1	1,0920242E+3	1,3228992E+3
8,6497938E+2	8,4304815E-1	1,0920085E+3	1,3233417E+3
8,6555307E+2	8,4243720E-1	1,0919923E+3	1,3233104E+3
8,6612706E+2	8,4254151E-1	1,0919760E+3	1,3229292E+3
8,6669983E+2	8,4258621E-1	1,0919547E+3	1,3230588E+3
8,6727443E+2	8,4261601E-1	1,0919397E+3	1,3230669E+3
8,6784751E+2	8,4185605E-1	1,0919247E+3	1,3230901E+3
8,6842075E+2	8,4176665E-1	1,0919065E+3	1,3228429E+3
8,6899335E+2	8,4120040E-1	1,0918915E+3	1,3229029E+3
8,6956618E+2	8,4124511E-1	1,0918746E+3	1,3231564E+3
8,7013940E+2	8,4091728E-1	1,0918558E+3	1,3228779E+3
8,7072211E+2	8,4069376E-1	1,0918402E+3	1,3235876E+3
8,7129515E+2	8,4075337E-1	1,0918208E+3	1,3229324E+3
8,7186825E+2	8,4002321E-1	1,0918070E+3	1,3234531E+3
8,7244221E+2	8,3953147E-1	1,0917907E+3	1,3228604E+3
8,7301614E+2	8,3971029E-1	1,0917695E+3	1,3224999E+3
8,7358997E+2	8,3948677E-1	1,0917469E+3	1,3229054E+3
8,7416331E+2	8,3941226E-1	1,0917313E+3	1,3228673E+3
8,7473679E+2	8,3906954E-1	1,0917156E+3	1,3225581E+3
8,7531035E+2	8,3872681E-1	1,0916900E+3	1,3230838E+3
8,7588366E+2	8,3927815E-1	1,0916768E+3	1,3225694E+3
8,7645738E+2	8,3859270E-1	1,0916562E+3	1,3224329E+3
8,7703052E+2	8,3848839E-1	1,0916349E+3	1,3229668E+3
8,7760296E+2	8,3778804E-1	1,0916193E+3	1,3224310E+3
8,7817616E+2	8,3808606E-1	1,0915942E+3	1,3229743E+3
8,7875084E+2	8,3799665E-1	1,0915742E+3	1,3224342E+3
8,7932492E+2	8,3777313E-1	1,0915554E+3	1,3221069E+3
8,7989685E+2	8,3810096E-1	1,0915366E+3	1,3225030E+3
8,8047111E+2	8,3793705E-1	1,0915160E+3	1,3222502E+3
8,8104501E+2	8,3780294E-1	1,0914978E+3	1,3229123E+3
8,8161870E+2	8,3728140E-1	1,0914747E+3	1,3223422E+3
8,8219144E+2	8,3714729E-1	1,0914597E+3	1,3220199E+3
8,8276452E+2	8,3681946E-1	1,0914384E+3	1,3225112E+3
8,8333919E+2	8,3687906E-1	1,0914165E+3	1,3220436E+3
8,8391268E+2	8,3670025E-1	1,0914002E+3	1,3216782E+3
8,8448578E+2	8,3656614E-1	1,0913777E+3	1,3217676E+3
8,8505983E+2	8,3629792E-1	1,0913595E+3	1,3218052E+3
8,8563372E+2	8,3632772E-1	1,0913445E+3	1,3217808E+3
8,8620740E+2	8,3616381E-1	1,0913201E+3	1,3218352E+3
8,8678057E+2	8,3594029E-1	1,0913032E+3	1,3216056E+3
8,8735445E+2	8,3567207E-1	1,0912869E+3	1,3216919E+3
8,8792863E+2	8,3601480E-1	1,0912638E+3	1,3218978E+3
8,8850146E+2	8,3532934E-1	1,0912488E+3	1,3221757E+3
8,8907389E+2	8,3506112E-1	1,0912269E+3	1,3217345E+3
8,8964848E+2	8,3474820E-1	1,0912100E+3	1,3217188E+3
8,9022119E+2	8,3503132E-1	1,0911918E+3	1,3216262E+3
8,9079550E+2	8,3462899E-1	1,0911749E+3	1,3221144E+3
8,9136880E+2	8,3409255E-1	1,0911586E+3	1,3216287E+3
8,9194320E+2	8,3382433E-1	1,0911405E+3	1,3214885E+3
8,9251768E+2	8,3425646E-1	1,0911255E+3	1,3220518E+3
8,9309117E+2	8,3409255E-1	1,0911104E+3	1,3218490E+3
8,9366534E+2	8,3427136E-1	1,0910948E+3	1,3216250E+3
8,9423908E+2	8,3392863E-1	1,0910810E+3	1,3217489E+3
8,9481195E+2	8,3462899E-1	1,0910616E+3	1,3216613E+3
8,9538777E+2	8,3431606E-1	1,0910466E+3	1,3215054E+3
8,9596049E+2	8,3468859E-1	1,0910316E+3	1,3217220E+3
8,9653381E+2	8,3465879E-1	1,0910172E+3	1,3212657E+3
8,9710767E+2	8,3503132E-1	1,0910053E+3	1,3214347E+3
8,9768266E+2	8,3576148E-1	1,0909878E+3	1,3212670E+3
8,9825761E+2	8,3562737E-1	1,0909734E+3	1,3215254E+3
8,9883132E+2	8,3467369E-1	1,0909590E+3	1,3211681E+3
8,9940442E+2	8,3439057E-1	1,0909458E+3	1,3212488E+3
8,9997747E+2	8,3404784E-1	1,0909277E+3	1,3213777E+3
9,0055041E+2	8,3422666E-1	1,0909102E+3	1,3214372E+3
9,0112378E+2	8,3425646E-1	1,0908926E+3	1,3210454E+3
9,0169654E+2	8,3424156E-1	1,0908758E+3	1,3211268E+3
9,0226925E+2	8,3439057E-1	1,0908563E+3	1,3211737E+3
9,0284186E+2	8,3410745E-1	1,0908401E+3	1,3212088E+3
9,0341715E+2	8,3357101E-1	1,0908219E+3	1,3210867E+3
9,0399047E+2	8,3379452E-1	1,0908063E+3	1,3214128E+3
9,0456447E+2	8,3352630E-1	1,0907863E+3	1,3208965E+3
9,0513804E+2	8,3319848E-1	1,0907687E+3	1,3208520E+3
9,0571037E+2	8,3318358E-1	1,0907500E+3	1,3207438E+3
9,0628449E+2	8,3330279E-1	1,0907299E+3	1,3204208E+3
9,0685742E+2	8,3298986E-1	1,0907149E+3	1,3205235E+3
9,0743127E+2	8,3331769E-1	1,0906961E+3	1,3205297E+3
9,0800446E+2	8,3325808E-1	1,0906842E+3	1,3207769E+3
9,0857773E+2	8,3328788E-1	1,0906673E+3	1,3206380E+3
9,0915203E+2	8,3373492E-1	1,0906504E+3	1,3204559E+3
9,0972664E+2	8,3421176E-1	1,0906342E+3	1,3201367E+3
9,1030097E+2	8,3452468E-1	1,0906204E+3	1,3204083E+3
9,1087357E+2	8,3395844E-1	1,0906060E+3	1,3205779E+3
9,1144728E+2	8,3446508E-1	1,0905935E+3	1,3204640E+3
9,1201949E+2	8,3418195E-1	1,0905753E+3	1,3201461E+3
9,1259289E+2	8,3404784E-1	1,0905584E+3	1,3206668E+3
9,1316838E+2	8,3416705E-1	1,0905478E+3	1,3204728E+3
9,1374301E+2	8,3458429E-1	1,0905315E+3	1,3203276E+3
9,1431735E+2	8,3497172E-1	1,0905134E+3	1,3202099E+3
9,1488952E+2	8,3559756E-1	1,0904990E+3	1,3201179E+3
9,1546239E+2	8,3570187E-1	1,0904883E+3	1,3199952E+3
9,1603861E+2	8,3604460E-1	1,0904727E+3	1,3200766E+3
9,1661044E+2	8,3674495E-1	1,0904596E+3	1,3201154E+3
9,1718449E+2	8,3695357E-1	1,0904433E+3	1,3201429E+3
9,1775835E+2	8,3743041E-1	1,0904408E+3	1,3200171E+3
9,1833049E+2	8,3687906E-1	1,0904251E+3	1,3200509E+3
9,1890503E+2	8,3723669E-1	1,0904170E+3	1,3202731E+3
9,1947772E+2	8,3708768E-1	1,0903957E+3	1,3199032E+3
9,2005043E+2	8,3784764E-1	1,0903882E+3	1,3196911E+3
9,2062469E+2	8,3802645E-1	1,0903795E+3	1,3201523E+3
9,2119838E+2	8,3769863E-1	1,0903601E+3	1,3196767E+3
9,2177149E+2	8,3814566E-1	1,0903532E+3	1,3194996E+3
9,2234530E+2	8,3830958E-1	1,0903375E+3	1,3195947E+3
9,2291776E+2	8,3814566E-1	1,0903206E+3	1,3199001E+3
9,2349145E+2	8,3786254E-1	1,0903094E+3	1,3197230E+3
9,2406648E+2	8,3836918E-1	1,0902968E+3	1,3198626E+3
9,2463874E+2	8,3845859E-1	1,0902875E+3	1,3194752E+3
9,2521242E+2	8,3792215E-1	1,0902737E+3	1,3191773E+3
9,2578535E+2	8,3839898E-1	1,0902574E+3	1,3195021E+3
9,2635820E+2	8,3851819E-1	1,0902424E+3	1,3197167E+3
9,2693248E+2	8,3856290E-1	1,0902292E+3	1,3201304E+3
9,2750550E+2	8,3813076E-1	1,0902186E+3	1,3197268E+3
9,2807904E+2	8,3819037E-1	1,0902048E+3	1,3194232E+3
9,2865278E+2	8,3839898E-1	1,0901917E+3	1,3192261E+3
9,2922716E+2	8,3807116E-1	1,0901811E+3	1,3197530E+3
9,2979938E+2	8,3830958E-1	1,0901667E+3	1,3195521E+3
9,3037433E+2	8,3801155E-1	1,0901523E+3	1,3192073E+3
9,3094791E+2	8,3795195E-1	1,0901410E+3	1,3193394E+3
9,3152038E+2	8,3816056E-1	1,0901272E+3	1,3193500E+3
9,3209443E+2	8,3813076E-1	1,0901153E+3	1,3194871E+3
9,3266768E+2	8,3808606E-1	1,0901022E+3	1,3192980E+3
9,3324130E+2	8,3790725E-1	1,0900897E+3	1,3190001E+3
9,3381546E+2	8,3778804E-1	1,0900803E+3	1,3188255E+3
9,3438936E+2	8,3740061E-1	1,0900684E+3	1,3192386E+3
9,3496466E+2	8,3704298E-1	1,0900609E+3	1,3190665E+3
9,3553857E+2	8,3702808E-1	1,0900471E+3	1,3187911E+3
9,3611136E+2	8,3683436E-1	1,0900365E+3	1,3186434E+3
9,3668416E+2	8,3667045E-1	1,0900271E+3	1,3189157E+3
9,3725786E+2	8,3629792E-1	1,0900158E+3	1,3190546E+3
9,3783014E+2	8,3599990E-1	1,0900064E+3	1,3187035E+3
9,3840473E+2	8,3574658E-1	1,0899895E+3	1,3185270E+3
9,3897763E+2	8,3540385E-1	1,0899783E+3	1,3190089E+3
9,3955142E+2	8,3538895E-1	1,0899676E+3	1,3188731E+3
9,4012544E+2	8,3501642E-1	1,0899558E+3	1,3185420E+3
9,4069877E+2	8,3479290E-1	1,0899457E+3	1,3187204E+3
9,4127301E+2	8,3482270E-1	1,0899338E+3	1,3184106E+3
9,4184756E+2	8,3386903E-1	1,0899213E+3	1,3182654E+3
9,4242045E+2	8,3409255E-1	1,0899113E+3	1,3181853E+3
9,4299344E+2	8,3440547E-1	1,0898988E+3	1,3183662E+3
9,4356598E+2	8,3413725E-1	1,0898863E+3	1,3182710E+3
9,4414142E+2	8,3406275E-1	1,0898769E+3	1,3180858E+3
9,4471518E+2	8,3330279E-1	1,0898700E+3	1,3185120E+3
9,4528903E+2	8,3316868E-1	1,0898550E+3	1,3184219E+3
9,4586258E+2	8,3209579E-1	1,0898418E+3	1,3181384E+3
9,4643541E+2	8,3099311E-1	1,0898318E+3	1,3179838E+3
9,4700808E+2	8,3087390E-1	1,0898149E+3	1,3179243E+3
9,4758304E+2	8,3039706E-1	1,0897980E+3	1,3180670E+3
9,4815767E+2	8,3011394E-1	1,0897843E+3	1,3181903E+3
9,4873043E+2	8,3026295E-1	1,0897699E+3	1,3181371E+3
