0,0000000E+0	2,9644931E-2
5,7425785E-1	2,7388336E-2
1,1472502E+0	2,5753865E-2
1,7204766E+0	2,4782495E-2
2,2941613E+0	2,3548493E-2
2,8664279E+0	2,2705646E-2
3,4390244E+0	2,1784568E-2
4,0120769E+0	2,1056273E-2
4,5862660E+0	1,9930304E-2
5,1601439E+0	1,8418768E-2
5,7341366E+0	1,5846455E-2
6,3073883E+0	1,2276695E-2
6,8811688E+0	5,1409009E-3
7,4550319E+0	-6,9485981E-3
8,0280566E+0	-1,9569882E-2
8,6012363E+0	-3,0930156E-2
9,1753516E+0	-4,4025483E-2
9,7485805E+0	-5,5061657E-2
1,0321132E+1	-6,6120181E-2
1,0895099E+1	-7,5486493E-2
1,1468565E+1	-8,2780612E-2
1,2042208E+1	-8,8967388E-2
1,2625470E+1	-9,6196314E-2
1,3198702E+1	-1,0014885E-1
1,3772316E+1	-1,0682084E-1
1,4346853E+1	-1,1423790E-1
1,4920362E+1	-1,2024772E-1
1,5495076E+1	-1,2513437E-1
1,6067805E+1	-1,3171975E-1
1,6641078E+1	-1,3760106E-1
1,7214654E+1	-1,4079177E-1
1,7787405E+1	-1,3972727E-1
1,8360191E+1	-1,3530255E-1
1,8934105E+1	-1,3052207E-1
1,9508626E+1	-1,2774394E-1
2,0081459E+1	-1,2771879E-1
2,0656750E+1	-1,2766291E-1
2,1231159E+1	-1,2500864E-1
2,1804204E+1	-1,2317394E-1
2,2377504E+1	-1,2449642E-1
2,2950254E+1	-1,2929086E-1
2,3524209E+1	-1,3418590E-1
2,4096348E+1	-1,3545808E-1
2,4670249E+1	-1,3271068E-1
2,5243413E+1	-1,3174490E-1
2,5817218E+1	-1,3021660E-1
2,6391214E+1	-1,2989995E-1
2,6965061E+1	-1,2882241E-1
2,7537600E+1	-1,2509898E-1
2,8110239E+1	-1,2064726E-1
2,8684122E+1	-1,1859276E-1
2,9257804E+1	-1,1864492E-1
2,9831197E+1	-1,1813828E-1
3,0404208E+1	-1,1666492E-1
3,0977629E+1	-1,1385885E-1
3,1550248E+1	-1,1106767E-1
3,2122770E+1	-1,1026674E-1
3,2696810E+1	-1,2253505E-1
3,3270194E+1	-1,4376362E-1
3,3844269E+1	-1,5570504E-1
3,4417433E+1	-1,5727897E-1
3,4991855E+1	-1,5332178E-1
3,5566362E+1	-1,4689938E-1
3,6147542E+1	-1,4059712E-1
3,6719766E+1	-1,3604947E-1
3,7291320E+1	-1,4116802E-1
3,7865075E+1	-1,5441050E-1
3,8437387E+1	-1,6439893E-1
3,9011312E+1	-1,6786811E-1
3,9586593E+1	-1,6714727E-1
4,0159961E+1	-1,6696845E-1
4,0734277E+1	-1,6786811E-1
4,1308073E+1	-1,6944298E-1
4,1881022E+1	-1,7028582E-1
4,2453318E+1	-1,6944298E-1
4,3026754E+1	-1,6790629E-1
4,3599491E+1	-1,6587042E-1
4,4174351E+1	-1,6793610E-1
4,4748826E+1	-1,7958229E-1
4,5321271E+1	-1,9747579E-1
4,5896276E+1	-2,1156484E-1
4,6469306E+1	-2,1731203E-1
4,7041451E+1	-2,2822806E-1
4,7615733E+1	-2,4747384E-1
4,8190140E+1	-2,6408491E-1
4,8762668E+1	-2,6946051E-1
4,9336685E+1	-2,6535058E-1
4,9911240E+1	-2,6037918E-1
5,0484731E+1	-2,5892352E-1
5,1058785E+1	-2,5824831E-1
5,1631449E+1	-2,5784412E-1
5,2204239E+1	-2,5566855E-1
5,2778588E+1	-2,5132114E-1
5,3353288E+1	-2,4696068E-1
5,3926808E+1	-2,4141559E-1
5,4501076E+1	-2,3363066E-1
5,5074901E+1	-2,2540708E-1
5,5648720E+1	-2,1831879E-1
5,6221463E+1	-2,1157415E-1
5,6795170E+1	-2,0543394E-1
5,7368145E+1	-2,0075777E-1
5,7941195E+1	-1,9920246E-1
5,8514257E+1	-1,9747486E-1
5,9087353E+1	-1,9512234E-1
5,9660149E+1	-1,9299147E-1
6,0233121E+1	-1,9623806E-1
6,0806737E+1	-2,0273590E-1
6,1381159E+1	-2,0903723E-1
6,1954264E+1	-2,1368453E-1
6,2528111E+1	-2,1591691E-1
6,3099452E+1	-2,1746942E-1
6,3672512E+1	-2,1853672E-1
6,4245281E+1	-2,1942427E-1
6,4818636E+1	-2,1947735E-1
6,5391621E+1	-2,1752437E-1
6,5966785E+1	-2,1345170E-1
6,6539361E+1	-2,0827354E-1
6,7112677E+1	-2,0435267E-1
6,7686694E+1	-2,0437596E-1
6,8261135E+1	-2,0913315E-1
6,8834279E+1	-2,1646173E-1
6,9407705E+1	-2,2262522E-1
6,9980272E+1	-2,2711141E-1
7,0554151E+1	-2,2760221E-1
7,1128275E+1	-2,2609906E-1
7,1701303E+1	-2,2360963E-1
7,2274637E+1	-2,1931530E-1
7,2847596E+1	-2,1533111E-1
7,3421280E+1	-2,1208358E-1
7,3995207E+1	-2,0906144E-1
7,4569059E+1	-2,0566956E-1
7,5142842E+1	-2,0167233E-1
7,5717348E+1	-1,9736310E-1
7,6290096E+1	-1,9314607E-1
7,6862726E+1	-1,8894022E-1
7,7436714E+1	-1,8490573E-1
7,8009162E+1	-1,8099790E-1
7,8585207E+1	-1,7710404E-1
7,9157241E+1	-1,7318037E-1
7,9730238E+1	-1,6982761E-1
8,0304230E+1	-1,6783831E-1
8,0877466E+1	-1,6642456E-1
8,1451304E+1	-1,6471186E-1
8,2025145E+1	-1,6225875E-1
8,2598061E+1	-1,5934744E-1
8,3171392E+1	-1,5636721E-1
8,3745285E+1	-1,5334134E-1
8,4318769E+1	-1,5041606E-1
8,4893273E+1	-1,4772174E-1
8,5466539E+1	-1,4519506E-1
8,6039612E+1	-1,4283975E-1
8,6614730E+1	-1,4075824E-1
8,7187782E+1	-1,3880898E-1
8,7760190E+1	-1,3676007E-1
8,8334151E+1	-1,3463479E-1
8,8906678E+1	-1,3198704E-1
8,9480241E+1	-1,3010857E-1
9,0052883E+1	-1,2968295E-1
9,0626670E+1	-1,2969506E-1
9,1200261E+1	-1,3023616E-1
9,1775051E+1	-1,3060775E-1
9,2348511E+1	-1,3114420E-1
9,2921027E+1	-1,3221522E-1
9,3496355E+1	-1,3241825E-1
9,4070485E+1	-1,3135840E-1
9,4643963E+1	-1,2949296E-1
9,5216758E+1	-1,2736023E-1
9,5790204E+1	-1,2539235E-1
9,6364208E+1	-1,2402237E-1
9,6938102E+1	-1,2263750E-1
9,7510218E+1	-1,2182724E-1
9,8088444E+1	-1,2237393E-1
9,8661233E+1	-1,2371224E-1
9,9225225E+1	-1,2635068E-1
9,9798172E+1	-1,2884849E-1
1,0037237E+2	-1,2983569E-1
1,0094538E+2	-1,3008435E-1
1,0151935E+2	-1,3160986E-1
1,0209160E+2	-1,3512467E-1
1,0266512E+2	-1,3936312E-1
1,0323895E+2	-1,4340413E-1
1,0381287E+2	-1,4743955E-1
1,0438668E+2	-1,5173853E-1
1,0496040E+2	-1,5525335E-1
1,0553422E+2	-1,5662332E-1
1,0610743E+2	-1,5742891E-1
1,0668018E+2	-1,5920588E-1
1,0725418E+2	-1,6051066E-1
1,0782673E+2	-1,6150531E-1
1,0840117E+2	-1,6264525E-1
1,0897419E+2	-1,6442874E-1
1,0954668E+2	-1,6635937E-1
1,1012099E+2	-1,6777125E-1
1,1069423E+2	-1,6805624E-1
1,1126861E+2	-1,6700291E-1
1,1184121E+2	-1,6520918E-1
1,1241464E+2	-1,6298891E-1
1,1298848E+2	-1,6047713E-1
1,1356131E+2	-1,5791600E-1
1,1413470E+2	-1,5575719E-1
1,1470761E+2	-1,5373995E-1
1,1528027E+2	-1,5128032E-1
1,1585255E+2	-1,4845283E-1
1,1642766E+2	-1,4583395E-1
1,1700124E+2	-1,4398434E-1
1,1757239E+2	-1,4248398E-1
1,1814611E+2	-1,4080108E-1
1,1872132E+2	-1,3913681E-1
1,1929477E+2	-1,3765880E-1
1,1986878E+2	-1,3616403E-1
1,2044175E+2	-1,3462362E-1
1,2101517E+2	-1,3331138E-1
1,2158812E+2	-1,3238006E-1
1,2216117E+2	-1,3214164E-1
1,2273513E+2	-1,3532490E-1
1,2330730E+2	-1,4254917E-1
1,2388019E+2	-1,4789403E-1
1,2445421E+2	-1,5373156E-1
1,2502875E+2	-1,5707408E-1
1,2560133E+2	-1,5615114E-1
1,2617506E+2	-1,5427453E-1
1,2674871E+2	-1,5507826E-1
1,2732119E+2	-1,5796443E-1
1,2789269E+2	-1,6091951E-1
1,2846731E+2	-1,6338193E-1
1,2904019E+2	-1,6510488E-1
1,2961420E+2	-1,6634353E-1
1,3018813E+2	-1,6764366E-1
1,3076019E+2	-1,6934798E-1
1,3133500E+2	-1,7026813E-1
1,3190753E+2	-1,7034636E-1
1,3248122E+2	-1,6978943E-1
1,3305247E+2	-1,6889163E-1
1,3362536E+2	-1,6757754E-1
1,3419903E+2	-1,6567112E-1
1,3477244E+2	-1,6336703E-1
1,3534561E+2	-1,6102848E-1
1,3591917E+2	-1,5929249E-1
1,3649124E+2	-1,5780983E-1
1,3706413E+2	-1,5585032E-1
1,3763714E+2	-1,5348011E-1
1,3821127E+2	-1,5049242E-1
1,3878517E+2	-1,4752337E-1
1,3935821E+2	-1,4499483E-1
1,3993117E+2	-1,4302228E-1
1,4050417E+2	-1,4116057E-1
1,4107703E+2	-1,3862551E-1
1,4165115E+2	-1,3591350E-1
1,4222429E+2	-1,3344549E-1
1,4279829E+2	-1,3186783E-1
1,4337019E+2	-1,3111626E-1
1,4394445E+2	-1,3106131E-1
1,4451865E+2	-1,3128576E-1
1,4509021E+2	-1,3081171E-1
1,4566426E+2	-1,2966619E-1
1,4623827E+2	-1,2872462E-1
1,4681131E+2	-1,2777467E-1
1,4738428E+2	-1,2761355E-1
1,4796025E+2	-1,2891834E-1
1,4853318E+2	-1,3015327E-1
1,4910714E+2	-1,3038610E-1
1,4968018E+2	-1,3090112E-1
1,5025237E+2	-1,3175421E-1
1,5082661E+2	-1,3351907E-1
1,5140015E+2	-1,3480988E-1
1,5197318E+2	-1,3566670E-1
1,5254648E+2	-1,3683551E-1
1,5311920E+2	-1,3717172E-1
1,5369209E+2	-1,3604947E-1
1,5426571E+2	-1,3566018E-1
1,5484025E+2	-1,3644528E-1
1,5541534E+2	-1,3757498E-1
1,5598783E+2	-1,3896731E-1
1,5656128E+2	-1,4187955E-1
1,5714160E+2	-1,4500321E-1
1,5771422E+2	-1,4605933E-1
1,5828879E+2	-1,4457573E-1
1,5886168E+2	-1,4182554E-1
1,5943510E+2	-1,3910142E-1
1,6001019E+2	-1,3640431E-1
1,6058281E+2	-1,3398659E-1
1,6115643E+2	-1,3183803E-1
1,6173118E+2	-1,3009832E-1
1,6230417E+2	-1,2904499E-1
1,6287759E+2	-1,2827200E-1
1,6345019E+2	-1,2742636E-1
1,6402268E+2	-1,2664777E-1
1,6459742E+2	-1,2596418E-1
1,6517043E+2	-1,2567826E-1
1,6574342E+2	-1,2667105E-1
1,6631653E+2	-1,2908225E-1
1,6689044E+2	-1,3225526E-1
1,6746290E+2	-1,3481268E-1
1,6803667E+2	-1,3562572E-1
1,6861011E+2	-1,3547764E-1
1,6918427E+2	-1,3522898E-1
1,6975837E+2	-1,3466460E-1
1,7033158E+2	-1,3399404E-1
1,7090444E+2	-1,3313164E-1
1,7147762E+2	-1,3215934E-1
1,7205124E+2	-1,3097935E-1
1,7262389E+2	-1,3019890E-1
1,7319810E+2	-1,2992603E-1
1,7377132E+2	-1,3037585E-1
1,7434587E+2	-1,3075304E-1
1,7491920E+2	-1,3152697E-1
1,7549262E+2	-1,3340731E-1
1,7606670E+2	-1,3558102E-1
1,7664079E+2	-1,3741945E-1
1,7721560E+2	-1,3867208E-1
1,7778935E+2	-1,3926905E-1
1,7836240E+2	-1,3903436E-1
1,7893569E+2	-1,3916009E-1
1,7950940E+2	-1,4056080E-1
1,8008231E+2	-1,4359691E-1
1,8065570E+2	-1,4742837E-1
1,8123071E+2	-1,5199092E-1
1,8180420E+2	-1,5826245E-1
1,8237688E+2	-1,6336610E-1
1,8295007E+2	-1,6963297E-1
1,8352427E+2	-1,7718320E-1
1,8409790E+2	-1,8290804E-1
1,8467133E+2	-1,8989855E-1
1,8524560E+2	-2,0337572E-1
1,8581919E+2	-2,1446032E-1
1,8639274E+2	-2,1586382E-1
1,8696737E+2	-2,2288972E-1
1,8753949E+2	-2,2922364E-1
1,8811420E+2	-2,2910444E-1
1,8868699E+2	-2,2681990E-1
1,8926160E+2	-2,2476261E-1
1,8983425E+2	-2,2468997E-1
1,9040813E+2	-2,2677334E-1
1,9098125E+2	-2,2679848E-1
1,9155429E+2	-2,2777264E-1
1,9212816E+2	-2,3385791E-1
1,9270078E+2	-2,4070406E-1
1,9327516E+2	-2,4702495E-1
1,9384792E+2	-2,4446940E-1
1,9442251E+2	-2,4011733E-1
1,9499683E+2	-2,3954829E-1
1,9556942E+2	-2,3996925E-1
1,9614271E+2	-2,7190896E-1
1,9671755E+2	-2,6045462E-1
1,9729024E+2	-2,4636557E-1
1,9786408E+2	-2,4440700E-1
1,9843782E+2	-2,4589339E-1
1,9901118E+2	-2,4840889E-1
1,9958487E+2	-2,4986362E-1
2,0015831E+2	-2,4942590E-1
2,0073021E+2	-2,5002474E-1
2,0130396E+2	-2,5087876E-1
2,0187818E+2	-2,4844149E-1
2,0245027E+2	-2,4469105E-1
2,0302448E+2	-2,4088380E-1
2,0359782E+2	-2,4016948E-1
2,0417056E+2	-2,4281350E-1
2,0474269E+2	-2,4283027E-1
2,0531674E+2	-2,4380443E-1
2,0589019E+2	-2,4515764E-1
2,0646509E+2	-2,4526754E-1
2,0703898E+2	-2,4613460E-1
2,0761416E+2	-4,9553069E-1
2,0818760E+2	-5,2390344E-1
2,0876111E+2	-2,7527382E-1
2,0933422E+2	-1,3896731E-1
2,0990770E+2	-1,1079014E-1
2,1048014E+2	-1,1375361E-1
2,1105381E+2	-7,8533781E-2
2,1162786E+2	-7,0610088E-2
2,1220283E+2	-7,0388433E-2
2,1277752E+2	-7,2344211E-2
2,1335019E+2	-6,9438484E-2
2,1392428E+2	-6,4824712E-2
2,1449730E+2	-5,9484508E-2
2,1507080E+2	-5,3333122E-2
2,1564515E+2	-4,6743083E-2
2,1621781E+2	-4,4384043E-2
2,1679233E+2	-4,3093229E-2
2,1736553E+2	-4,2201022E-2
2,1793906E+2	-4,2349103E-2
2,1851207E+2	-4,2355622E-2
2,1908671E+2	-4,2564238E-2
2,1966125E+2	-4,3259005E-2
2,2023512E+2	-4,2484144E-2
2,2080859E+2	-4,1138383E-2
2,2138116E+2	-4,0841291E-2
2,2195425E+2	-4,2632225E-2
2,2252784E+2	-4,3451789E-2
2,2310126E+2	-4,4077637E-2
2,2367560E+2	-5,0154518E-2
2,2424859E+2	-5,9314076E-2
2,2482203E+2	-6,8488535E-2
2,2539526E+2	-7,8008515E-2
2,2596949E+2	-8,9736661E-2
2,2654124E+2	-1,0001660E-1
2,2711519E+2	-1,0542945E-1
2,2768880E+2	-1,0898244E-1
2,2826108E+2	-1,1139084E-1
2,2883413E+2	-1,1339039E-1
2,2940790E+2	-1,1292194E-1
2,2998116E+2	-1,1004136E-1
2,3055554E+2	-1,0434073E-1
2,3112780E+2	-9,7420072E-2
2,3170120E+2	-9,0871943E-2
2,3227500E+2	-8,4702862E-2
2,3284794E+2	-7,8864400E-2
2,3342153E+2	-7,3492531E-2
2,3399677E+2	-6,8845231E-2
2,3457153E+2	-6,4215627E-2
2,3514523E+2	-5,9269372E-2
2,3571798E+2	-5,4443258E-2
2,3629027E+2	-4,9709345E-2
2,3686281E+2	-4,4774267E-2
2,3743680E+2	-4,0400776E-2
2,3801019E+2	-3,5628679E-2
2,3858296E+2	-3,0358324E-2
2,3915673E+2	-2,5224873E-2
2,3972930E+2	-1,9865112E-2
2,4030344E+2	-1,5580096E-2
2,4087778E+2	-1,1874364E-2
2,4145098E+2	-8,2645570E-3
2,4202512E+2	-5,7006258E-3
2,4259816E+2	-3,7364664E-3
2,4317129E+2	-2,1057205E-3
2,4374519E+2	-9,6578157E-4
2,4431743E+2	1,4528633E-4
2,4489020E+2	7,4040149E-4
2,4546267E+2	1,6670675E-4
2,4603694E+2	-1,0794029E-3
2,4661023E+2	-2,0256267E-3
2,4718279E+2	-1,5357510E-3
2,4775693E+2	1,1641533E-4
2,4833019E+2	1,1213124E-3
2,4890323E+2	1,6763807E-5
2,4947924E+2	-1,2749807E-3
2,5005239E+2	-2,9774384E-3
2,5062706E+2	-6,3935299E-3
2,5120024E+2	-1,0899269E-2
2,5177347E+2	-1,5533530E-2
2,5234826E+2	-1,9245782E-2
2,5292123E+2	-2,1117741E-2
2,5349488E+2	-2,0496548E-2
2,5406804E+2	-1,8574299E-2
2,5464025E+2	-1,8090942E-2
2,5521482E+2	-1,8727967E-2
2,5578842E+2	-1,8691645E-2
2,5636134E+2	-1,8074178E-2
2,5693509E+2	-1,6354957E-2
2,5750780E+2	-1,5134924E-2
2,5808160E+2	-1,6012230E-2
2,5865427E+2	-1,9660221E-2
2,5922806E+2	-2,5894494E-2
2,5980011E+2	-3,1559730E-2
2,6037272E+2	-3,5285020E-2
2,6094764E+2	-3,6883170E-2
2,6152098E+2	-3,8681554E-2
2,6209425E+2	-3,8839879E-2
2,6266847E+2	-3,5975131E-2
2,6324162E+2	-3,1742269E-2
2,6381518E+2	-2,7311036E-2
2,6439435E+2	-2,2975729E-2
2,6496720E+2	-2,1331014E-2
2,6554025E+2	-2,1103771E-2
2,6611420E+2	-2,0482579E-2
2,6668736E+2	-2,4274924E-2
2,6726122E+2	-3,8750472E-2
2,6783449E+2	-5,3750354E-2
2,6840870E+2	-6,6244979E-2
2,6897954E+2	-7,4602668E-2
2,6955131E+2	-7,9968018E-2
2,7012452E+2	-8,3139171E-2
2,7069802E+2	-8,4478413E-2
2,7127110E+2	-8,3967117E-2
2,7184520E+2	-8,2396907E-2
2,7241859E+2	-8,0248346E-2
2,7299154E+2	-7,7906069E-2
2,7356675E+2	-7,5249006E-2
2,7414086E+2	-7,2374013E-2
2,7471512E+2	-6,9567007E-2
2,7528737E+2	-6,6876415E-2
2,7586171E+2	-6,4120632E-2
2,7643668E+2	-6,1491508E-2
2,7701225E+2	-5,8807436E-2
2,7758508E+2	-5,6077730E-2
2,7815871E+2	-5,3328465E-2
2,7873269E+2	-5,0531703E-2
2,7930689E+2	-4,7770332E-2
2,7988025E+2	-4,5095573E-2
2,8045295E+2	-4,2200091E-2
2,8102740E+2	-3,9093199E-2
2,8160017E+2	-3,5845677E-2
2,8217269E+2	-3,2490121E-2
2,8274798E+2	-2,8898010E-2
2,8332162E+2	-2,5144780E-2
2,8389508E+2	-2,1023677E-2
2,8446810E+2	-1,6647392E-2
2,8504041E+2	-1,2026169E-2
2,8561317E+2	-7,3416163E-3
2,8618708E+2	-2,4680050E-3
2,8675914E+2	2,5741757E-3
2,8733420E+2	7,8156595E-3
2,8790762E+2	1,3173559E-2
2,8848129E+2	1,8646010E-2
2,8905565E+2	2,3890288E-2
2,8962849E+2	2,8885903E-2
2,9020157E+2	3,3836814E-2
2,9077670E+2	3,8702043E-2
2,9135045E+2	4,3466690E-2
2,9192420E+2	4,8081393E-2
2,9249815E+2	5,2369203E-2
2,9307117E+2	5,6772496E-2
2,9364449E+2	6,1246570E-2
2,9421832E+2	6,5952543E-2
2,9479124E+2	7,1031046E-2
2,9536518E+2	7,6101166E-2
2,9593761E+2	8,1205745E-2
2,9651129E+2	8,6176214E-2
2,9708548E+2	9,1049826E-2
2,9766019E+2	9,5704576E-2
2,9823519E+2	1,0028668E-1
2,9880903E+2	1,0492281E-1
2,9938257E+2	1,0968187E-1
2,9995569E+2	1,1437759E-1
3,0052859E+2	1,1907705E-1
3,0110420E+2	1,2368803E-1
3,0167816E+2	1,2823102E-1
3,0225037E+2	1,3264176E-1
3,0282322E+2	1,3683551E-1
3,0339714E+2	1,4071167E-1
3,0397026E+2	1,4438760E-1
3,0454255E+2	1,4777017E-1
3,0511622E+2	1,5096460E-1
3,0568898E+2	1,5409199E-1
3,0626115E+2	1,5746151E-1
3,0683439E+2	1,6082824E-1
3,0740757E+2	1,6411209E-1
3,0798123E+2	1,6736240E-1
3,0855467E+2	1,7052052E-1
3,0912714E+2	1,7367584E-1
3,0970010E+2	1,7665421E-1
3,1027406E+2	1,7939788E-1
3,1084684E+2	1,8216019E-1
3,1142120E+2	1,8486661E-1
3,1199528E+2	1,8772298E-1
3,1256782E+2	1,9057189E-1
3,1314082E+2	1,9349066E-1
3,1371421E+2	1,9639266E-1
3,1428822E+2	1,9914751E-1
3,1486018E+2	2,0174497E-1
3,1543237E+2	2,0438248E-1
3,1600558E+2	2,0686259E-1
3,1657847E+2	2,0935295E-1
3,1715181E+2	2,1180791E-1
3,1772645E+2	2,1421911E-1
3,1829939E+2	2,1627640E-1
3,1887423E+2	2,1807664E-1
3,1944858E+2	2,1973160E-1
3,2002019E+2	2,2140799E-1
3,2059427E+2	2,2286737E-1
3,2116867E+2	2,2440964E-1
3,2174118E+2	2,2603386E-1
3,2231325E+2	2,2772422E-1
3,2288711E+2	2,2927580E-1
3,2346112E+2	2,3092051E-1
3,2403426E+2	2,3257734E-1
3,2460946E+2	2,3415314E-1
3,2518249E+2	2,3551752E-1
3,2575671E+2	2,3693407E-1
3,2632872E+2	2,3824537E-1
3,2690204E+2	2,3961907E-1
3,2747536E+2	2,4119859E-1
3,2804817E+2	2,4299232E-1
3,2862123E+2	2,4473482E-1
3,2919534E+2	2,4641214E-1
3,2976793E+2	2,4813788E-1
3,3034121E+2	2,4981612E-1
3,3091585E+2	2,5146177E-1
3,3148802E+2	2,5315119E-1
3,3206126E+2	2,5488810E-1
3,3263426E+2	2,5648625E-1
3,3320817E+2	2,5815611E-1
3,3378156E+2	2,5978965E-1
3,3435458E+2	2,6127139E-1
3,3492805E+2	2,6289096E-1
3,3550124E+2	2,6443137E-1
3,3607423E+2	2,6597084E-1
3,3664656E+2	2,6743209E-1
3,3721893E+2	2,6900137E-1
3,3779408E+2	2,7053805E-1
3,3836867E+2	2,7200116E-1
3,3894183E+2	2,7338417E-1
3,3951570E+2	2,7487336E-1
3,4008851E+2	2,7652273E-1
3,4066134E+2	2,7832856E-1
3,4123515E+2	2,8015954E-1
3,4180674E+2	2,8179867E-1
3,4238019E+2	2,8324781E-1
3,4295513E+2	2,8457587E-1
3,4352913E+2	2,8586017E-1
3,4410453E+2	2,8697496E-1
3,4467729E+2	2,8814657E-1
3,4525025E+2	2,8928650E-1
3,4582418E+2	2,9057452E-1
3,4639672E+2	2,9189328E-1
3,4697056E+2	2,9338991E-1
3,4754902E+2	2,9494615E-1
3,4812261E+2	2,9665699E-1
3,4869747E+2	2,9846841E-1
3,4927220E+2	3,0032268E-1
3,4984517E+2	3,0219929E-1
3,5041852E+2	3,0413737E-1
3,5099276E+2	3,0606149E-1
3,5156688E+2	3,0794090E-1
3,5214019E+2	3,0980075E-1
3,5271432E+2	3,1151438E-1
3,5328732E+2	3,1315444E-1
3,5386241E+2	3,1467715E-1
3,5443623E+2	3,1610021E-1
3,5501020E+2	3,1732770E-1
3,5558427E+2	3,1839034E-1
3,5615738E+2	3,1935612E-1
3,5673110E+2	3,2026416E-1
3,5730426E+2	3,2127278E-1
3,5787738E+2	3,2218361E-1
3,5845174E+2	3,2306651E-1
3,5902493E+2	3,2383299E-1
3,5959751E+2	3,2452216E-1
3,6016852E+2	3,2529796E-1
3,6074134E+2	3,2614732E-1
3,6131559E+2	3,2711310E-1
3,6188848E+2	3,2809286E-1
3,6246116E+2	3,2919554E-1
3,6303422E+2	3,3011848E-1
3,6360828E+2	3,3085702E-1
3,6418025E+2	3,3137391E-1
3,6475423E+2	3,3186006E-1
3,6532745E+2	3,3236763E-1
3,6590097E+2	3,3293201E-1
3,6647505E+2	3,3358952E-1
3,6704737E+2	3,3430571E-1
3,6762008E+2	3,3496415E-1
3,6819427E+2	3,3571014E-1
3,6876726E+2	3,3642447E-1
3,6934025E+2	3,3705963E-1
3,6991427E+2	3,3774881E-1
3,7048745E+2	3,3835789E-1
3,7106111E+2	3,3910947E-1
3,7163321E+2	3,3984242E-1
3,7220704E+2	3,4063498E-1
3,7278116E+2	3,4139121E-1
3,7335416E+2	3,4226386E-1
3,7392821E+2	3,4299215E-1
3,7450272E+2	3,4383780E-1
3,7507669E+2	3,4484269E-1
3,7565019E+2	3,4584107E-1
3,7622426E+2	3,4692606E-1
3,7679756E+2	3,4807066E-1
3,7737113E+2	3,4917521E-1
3,7794514E+2	3,5038313E-1
3,7851863E+2	3,5142994E-1
3,7909415E+2	3,5247768E-1
3,7966744E+2	3,5341272E-1
3,8024019E+2	3,5443252E-1
3,8081258E+2	3,5530983E-1
3,8138670E+2	3,5611728E-1
3,8195924E+2	3,5681485E-1
3,8253126E+2	3,5734291E-1
3,8310534E+2	3,5790077E-1
3,8367849E+2	3,5842883E-1
3,8425226E+2	3,5899414E-1
3,8481682E+2	3,5952965E-1
3,8539157E+2	3,6011359E-1
3,8596735E+2	3,6074689E-1
3,8654089E+2	3,6148450E-1
3,8711525E+2	3,6226960E-1
3,8768949E+2	3,6304446E-1
3,8826266E+2	3,6393574E-1
3,8883727E+2	3,6482515E-1
3,8941119E+2	3,6586451E-1
3,8998515E+2	3,6688151E-1
3,9055791E+2	3,6790690E-1
3,9113024E+2	3,6897140E-1
3,9170368E+2	3,6988410E-1
3,9227679E+2	3,7074091E-1
3,9284940E+2	3,7153719E-1
3,9342248E+2	3,7226176E-1
3,9399580E+2	3,7306736E-1
3,9457026E+2	3,7382452E-1
3,9514477E+2	3,7458169E-1
3,9571788E+2	3,7529322E-1
3,9629121E+2	3,7595259E-1
3,9686490E+2	3,7666878E-1
3,9743722E+2	3,7730674E-1
3,9801119E+2	3,7791303E-1
3,9858423E+2	3,7849138E-1
3,9915726E+2	3,7900547E-1
3,9973026E+2	3,7945437E-1
4,0030516E+2	3,7982690E-1
4,0087884E+2	3,8012399E-1
4,0145426E+2	3,8039500E-1
4,0202807E+2	3,8053936E-1
4,0260019E+2	3,8077685E-1
4,0317427E+2	3,8092399E-1
4,0374850E+2	3,8103948E-1
4,0432146E+2	3,8122947E-1
4,0489272E+2	3,8150048E-1
4,0546678E+2	3,8175939E-1
4,0604109E+2	3,8207511E-1
4,0661426E+2	3,8225020E-1
4,0718804E+2	3,8262925E-1
4,0776108E+2	3,8301016E-1
4,0833420E+2	3,8335381E-1
4,0890845E+2	3,8373566E-1
4,0948131E+2	3,8409608E-1
4,1005479E+2	3,8466139E-1
4,1062810E+2	3,8511495E-1
4,1120183E+2	3,8553311E-1
4,1177513E+2	3,8598946E-1
4,1234778E+2	3,8635826E-1
4,1292119E+2	3,8673638E-1
4,1349494E+2	3,8702416E-1
4,1406805E+2	3,8736688E-1
4,1464128E+2	3,8774314E-1
4,1521505E+2	3,8815385E-1
4,1578793E+2	3,8859437E-1
4,1636025E+2	3,8907214E-1
4,1693167E+2	3,8954245E-1
4,1750517E+2	3,9004164E-1
4,1807877E+2	3,9056598E-1
4,1865266E+2	3,9109031E-1
4,1922678E+2	3,9169753E-1
4,1980164E+2	3,9225167E-1
4,2037429E+2	3,9300977E-1
4,2094733E+2	3,9349126E-1
4,2152025E+2	3,9403702E-1
4,2209330E+2	3,9453527E-1
4,2266767E+2	3,9500094E-1
4,2324000E+2	3,9551037E-1
4,2381297E+2	3,9608686E-1
4,2438651E+2	3,9659163E-1
4,2496099E+2	3,9713087E-1
4,2553318E+2	3,9757697E-1
4,2610690E+2	3,9802122E-1
4,2668025E+2	3,9843286E-1
4,2725420E+2	3,9878304E-1
4,2782824E+2	3,9910900E-1
4,2840016E+2	3,9941168E-1
4,2897391E+2	3,9966314E-1
4,2954613E+2	4,0000773E-1
4,3011939E+2	4,0034300E-1
4,3069151E+2	4,0081798E-1
4,3126424E+2	4,0130320E-1
4,3183769E+2	4,0181915E-1
4,3241024E+2	4,0256328E-1
4,3298420E+2	4,0332975E-1
4,3355672E+2	4,0412417E-1
4,3413190E+2	4,0485899E-1
4,3470784E+2	4,0563571E-1
4,3528023E+2	4,0643478E-1
4,3585466E+2	4,0723572E-1
4,3642842E+2	4,0806460E-1
4,3700018E+2	4,0894284E-1
4,3757339E+2	4,0993190E-1
4,3814751E+2	4,1099826E-1
4,3872174E+2	4,1196405E-1
4,3929429E+2	4,1287861E-1
4,3986829E+2	4,1384997E-1
4,4044130E+2	4,1467606E-1
4,4101534E+2	4,1546023E-1
4,4158796E+2	4,1615965E-1
4,4216045E+2	4,1672962E-1
4,4273599E+2	4,1720274E-1
4,4330915E+2	4,1756968E-1
4,4388389E+2	4,1795431E-1
4,4445836E+2	4,1820018E-1
4,4503157E+2	4,1860065E-1
4,4560498E+2	4,1889402E-1
4,4617959E+2	4,1934850E-1
4,4675283E+2	4,1986166E-1
4,4732614E+2	4,2051173E-1
4,4790019E+2	4,2143467E-1
4,4847531E+2	4,2241721E-1
4,4904846E+2	4,2360185E-1
4,4962128E+2	4,2488335E-1
4,5019461E+2	4,2653831E-1
4,5076814E+2	4,2837209E-1
4,5134079E+2	4,3086338E-1
4,5191514E+2	4,3356701E-1
4,5248972E+2	4,3696168E-1
4,5306157E+2	4,4083877E-1
4,5363585E+2	4,4469445E-1
4,5420879E+2	4,4820833E-1
4,5478170E+2	4,5109450E-1
4,5535534E+2	4,5372828E-1
4,5593006E+2	4,5628196E-1
4,5650427E+2	4,5853018E-1
4,5707785E+2	4,6073555E-1
4,5765157E+2	4,6335443E-1
4,5822428E+2	4,6577307E-1
4,5879856E+2	4,6784154E-1
4,5937127E+2	4,6977962E-1
4,5994523E+2	4,7138057E-1
4,6051923E+2	4,7279245E-1
4,6109136E+2	4,7402739E-1
4,6166422E+2	4,7526977E-1
4,6223700E+2	4,7633055E-1
4,6280931E+2	4,7796688E-1
4,6338420E+2	4,8015456E-1
4,6396559E+2	4,8226866E-1
4,6453794E+2	4,8415179E-1
4,6511019E+2	4,8599674E-1
4,6568338E+2	4,8779792E-1
4,6625691E+2	4,8989247E-1
4,6683124E+2	4,9181937E-1
4,6740617E+2	4,9345384E-1
4,6798026E+2	4,9472976E-1
4,6855269E+2	4,9586504E-1
4,6912543E+2	4,9659892E-1
4,6970019E+2	4,9704223E-1
4,7027260E+2	4,9680754E-1
4,7084622E+2	4,9640148E-1
4,7142021E+2	4,9568343E-1
4,7199428E+2	4,9503244E-1
4,7256717E+2	4,9437492E-1
4,7314113E+2	4,9370158E-1
4,7371427E+2	4,9309901E-1
4,7428846E+2	4,9250576E-1
4,7486079E+2	4,9196280E-1
4,7543320E+2	4,9134533E-1
4,7600719E+2	4,9068968E-1
4,7658131E+2	4,9000981E-1
4,7715417E+2	4,8947244E-1
4,7772798E+2	4,8903099E-1
4,7830117E+2	4,8871900E-1
4,7887577E+2	4,8863053E-1
4,7944946E+2	4,8884380E-1
4,8002120E+2	4,8917162E-1
4,8059346E+2	4,8949572E-1
4,8116653E+2	4,8987477E-1
4,8174112E+2	4,9032739E-1
4,8231455E+2	4,9085173E-1
4,8288846E+2	4,9128479E-1
4,8346168E+2	4,9172624E-1
4,8403417E+2	4,9179423E-1
4,8460790E+2	4,9177746E-1
4,8518019E+2	4,9155395E-1
4,8575540E+2	4,9129411E-1
4,8633012E+2	4,9108829E-1
4,8690278E+2	4,9094021E-1
4,8747674E+2	4,9096069E-1
4,8804926E+2	4,9097187E-1
4,8862265E+2	4,9112274E-1
4,8919563E+2	4,9124289E-1
4,8976952E+2	4,9155860E-1
4,9034260E+2	4,9210250E-1
4,9091759E+2	4,9284569E-1
4,9149121E+2	4,9399401E-1
4,9206420E+2	4,9516841E-1
4,9263694E+2	4,9652162E-1
4,9321124E+2	4,9783758E-1
4,9378426E+2	4,9929976E-1
4,9435851E+2	5,0072654E-1
4,9493260E+2	5,0205368E-1
4,9550672E+2	5,0311352E-1
4,9608078E+2	5,0391912E-1
4,9665383E+2	5,0437453E-1
4,9722733E+2	5,0455707E-1
4,9780024E+2	5,0449095E-1
4,9837518E+2	5,0407744E-1
4,9894826E+2	5,0364624E-1
4,9952108E+2	5,0305112E-1
5,0009420E+2	5,0247929E-1
5,0066674E+2	5,0174169E-1
5,0124024E+2	5,0101246E-1
5,0181512E+2	5,0033632E-1
5,0238828E+2	4,9960151E-1
5,0296077E+2	4,9908742E-1
5,0353417E+2	4,9861803E-1
5,0410845E+2	4,9820825E-1
5,0469133E+2	4,9795400E-1
5,0526508E+2	4,9768950E-1
5,0583889E+2	4,9744549E-1
5,0641274E+2	4,9725644E-1
5,0698657E+2	4,9702360E-1
5,0755885E+2	4,9689881E-1
5,0813161E+2	4,9671720E-1
5,0870486E+2	4,9656912E-1
5,0927861E+2	4,9640428E-1
5,0985170E+2	4,9616958E-1
5,1042524E+2	4,9577004E-1
5,1099915E+2	4,9531276E-1
5,1157166E+2	4,9473628E-1
5,1214427E+2	4,9426875E-1
5,1271801E+2	4,9431066E-1
5,1329119E+2	4,9672092E-1
5,1386425E+2	5,0430375E-1
5,1443882E+2	5,1620419E-1
5,1501159E+2	5,3024109E-1
5,1558422E+2	5,3842369E-1
5,1615702E+2	5,3822252E-1
5,1673120E+2	5,3435288E-1
5,1730421E+2	5,3034540E-1
5,1787922E+2	5,2594862E-1
5,1845268E+2	5,2099399E-1
5,1902669E+2	5,1584563E-1
5,1960111E+2	5,1023721E-1
5,2017684E+2	5,0115681E-1
5,2075111E+2	4,8933740E-1
5,2132420E+2	4,7934710E-1
5,2189839E+2	4,7140478E-1
5,2247021E+2	4,6468156E-1
5,2304427E+2	4,6022239E-1
5,2361942E+2	4,5581351E-1
5,2419426E+2	4,4930170E-1
5,2476730E+2	4,4231399E-1
5,2534180E+2	4,3589718E-1
5,2591511E+2	4,2994137E-1
5,2648650E+2	4,2519069E-1
5,2705905E+2	4,2111895E-1
5,2763238E+2	4,1680134E-1
5,2820580E+2	4,1147790E-1
5,2877910E+2	4,0751419E-1
5,2935419E+2	4,0646924E-1
5,2992722E+2	4,0638635E-1
5,3050028E+2	4,0456283E-1
5,3107416E+2	4,0148946E-1
5,3164747E+2	3,9426519E-1
5,3222019E+2	3,8013796E-1
5,3279407E+2	3,6797395E-1
5,3336740E+2	3,5851917E-1
5,3394025E+2	3,4927393E-1
5,3451293E+2	3,3997281E-1
5,3508723E+2	3,3128264E-1
5,3566019E+2	3,2328444E-1
5,3623223E+2	3,1580033E-1
5,3680507E+2	3,0826407E-1
5,3737801E+2	3,0078089E-1
5,3795133E+2	2,9379038E-1
5,3852539E+2	2,8734283E-1
5,3909860E+2	2,8120262E-1
5,3967096E+2	2,7509128E-1
5,4024425E+2	2,6780368E-1
5,4081858E+2	2,5926718E-1
5,4139213E+2	2,5061333E-1
5,4196495E+2	2,4196228E-1
5,4253818E+2	2,3316966E-1
5,4311204E+2	2,2481290E-1
5,4368670E+2	2,1730923E-1
5,4426132E+2	2,1089894E-1
5,4483518E+2	2,0562207E-1
5,4540913E+2	2,0104462E-1
5,4598269E+2	1,9671676E-1
5,4655650E+2	1,9259007E-1
5,4712933E+2	1,8851460E-1
5,4770147E+2	1,8461050E-1
5,4827420E+2	1,8044655E-1
5,4884783E+2	1,7607586E-1
5,4942098E+2	1,7126837E-1
5,4999508E+2	1,6644877E-1
5,5056759E+2	1,6157330E-1
5,5114110E+2	1,5671087E-1
5,5171321E+2	1,5187358E-1
5,5228665E+2	1,4720672E-1
5,5286016E+2	1,4282671E-1
5,5343397E+2	1,3902505E-1
5,5400749E+2	1,3561548E-1
5,5458022E+2	1,3252348E-1
5,5515425E+2	1,2975839E-1
5,5572780E+2	1,2700912E-1
5,5630024E+2	1,2404659E-1
5,5687320E+2	1,2098999E-1
5,5744731E+2	1,1792314E-1
5,5802026E+2	1,1461229E-1
5,5859385E+2	1,1057873E-1
5,5916842E+2	1,0615588E-1
5,5974238E+2	1,0167529E-1
5,6031538E+2	9,7105285E-2
5,6088904E+2	9,2825858E-2
5,6146019E+2	8,8780192E-2
5,6203332E+2	8,5212295E-2
5,6260776E+2	8,2323333E-2
5,6318124E+2	7,9955910E-2
5,6375401E+2	7,8012240E-2
5,6432726E+2	7,6172878E-2
5,6490015E+2	7,4130487E-2
5,6547427E+2	7,1754683E-2
5,6604819E+2	6,9229868E-2
5,6662126E+2	6,6718091E-2
5,6719512E+2	6,4287339E-2
5,6776720E+2	6,2116425E-2
5,6834118E+2	6,0061928E-2
5,6891264E+2	5,8060515E-2
5,6948561E+2	5,6223016E-2
5,7006024E+2	5,4288659E-2
5,7063440E+2	5,2530322E-2
5,7120614E+2	5,0699341E-2
5,7177894E+2	4,8764984E-2
5,7235131E+2	4,6784061E-2
5,7292576E+2	4,4749121E-2
5,7349899E+2	4,2597766E-2
5,7407190E+2	4,0447342E-2
5,7464522E+2	3,8174915E-2
5,7522010E+2	3,5923908E-2
5,7579276E+2	3,3624472E-2
5,7636640E+2	3,1398611E-2
5,7694244E+2	2,9119665E-2
5,7751736E+2	2,6836993E-2
5,7808930E+2	2,4477021E-2
5,7866222E+2	2,2069552E-2
5,7923460E+2	1,9730070E-2
5,7980839E+2	1,7469750E-2
5,8038180E+2	1,5363098E-2
5,8095413E+2	1,3355167E-2
5,8152676E+2	1,1212193E-2
5,8210009E+2	9,0897089E-3
5,8267270E+2	6,9215898E-3
5,8324748E+2	4,8121440E-3
5,8382091E+2	2,7986245E-3
5,8439424E+2	8,9500105E-4
5,8496713E+2	-8,8103121E-4
5,8554117E+2	-2,6477502E-3
5,8611420E+2	-4,4386837E-3
5,8668728E+2	-6,1644245E-3
5,8726147E+2	-8,0056493E-3
5,8783509E+2	-9,8906463E-3
5,8841019E+2	-1,2120233E-2
5,8898274E+2	-1,4540740E-2
5,8955692E+2	-1,7009677E-2
5,9012898E+2	-1,9717963E-2
5,9070259E+2	-2,2960828E-2
5,9127642E+2	-2,6924537E-2
5,9184898E+2	-3,1693840E-2
5,9242272E+2	-3,7184919E-2
5,9299708E+2	-4,2432922E-2
5,9356909E+2	-4,7853219E-2
5,9414420E+2	-5,3680505E-2
5,9471763E+2	-5,9115704E-2
5,9529036E+2	-6,4384196E-2
5,9586420E+2	-6,9255945E-2
5,9643689E+2	-7,3919077E-2
5,9701028E+2	-7,8409915E-2
5,9758519E+2	-8,3206226E-2
5,9815920E+2	-8,7969942E-2
5,9873227E+2	-9,2427252E-2
5,9930520E+2	-9,6373266E-2
5,9987862E+2	-1,0006317E-1
6,0045217E+2	-1,0375959E-1
6,0102526E+2	-1,0745694E-1
6,0160024E+2	-1,1105370E-1
6,0217418E+2	-1,1343603E-1
6,0274723E+2	-1,1456852E-1
6,0332025E+2	-1,1495688E-1
6,0389426E+2	-1,1538808E-1
6,0446748E+2	-1,1593383E-1
6,0504007E+2	-1,1672080E-1
6,0561443E+2	-1,1757017E-1
6,0618798E+2	-1,1803583E-1
6,0676114E+2	-1,1837390E-1
6,0733545E+2	-1,1863467E-1
6,0791027E+2	-1,1863746E-1
6,0848353E+2	-1,1920185E-1
6,0905566E+2	-1,1999720E-1
6,0962892E+2	-1,2056530E-1
6,1020143E+2	-1,2095739E-1
6,1077660E+2	-1,2176485E-1
6,1134924E+2	-1,2268965E-1
6,1192255E+2	-1,2349431E-1
6,1249545E+2	-1,2402423E-1
6,1306843E+2	-1,2444799E-1
6,1364140E+2	-1,2491830E-1
6,1421505E+2	-1,2539607E-1
6,1478834E+2	-1,2585708E-1
6,1536109E+2	-1,2631436E-1
6,1593444E+2	-1,2656302E-1
6,1650792E+2	-1,2679958E-1
6,1708133E+2	-1,2711809E-1
6,1765556E+2	-1,2748596E-1
6,1822788E+2	-1,2787991E-1
6,1880120E+2	-1,2825616E-1
6,1937511E+2	-1,2846757E-1
6,1994681E+2	-1,2844057E-1
6,2052019E+2	-1,2842380E-1
6,2109267E+2	-1,2831856E-1
6,2166703E+2	-1,2830273E-1
6,2224025E+2	-1,2842101E-1
6,2281280E+2	-1,2842287E-1
6,2338722E+2	-1,2867712E-1
6,2396023E+2	-1,2924430E-1
6,2453437E+2	-1,3034978E-1
6,2510839E+2	-1,3131370E-1
6,2568026E+2	-1,3228507E-1
6,2625427E+2	-1,3303851E-1
6,2682785E+2	-1,3387763E-1
6,2740338E+2	-1,3445132E-1
6,2797689E+2	-1,3496541E-1
6,2855124E+2	-1,3541524E-1
6,2912506E+2	-1,3598055E-1
6,2969792E+2	-1,3661385E-1
6,3027252E+2	-1,3742597E-1
6,3084665E+2	-1,3825578E-1
6,3141929E+2	-1,3911446E-1
6,3199118E+2	-1,3982599E-1
6,3256427E+2	-1,4021528E-1
6,3313721E+2	-1,4046580E-1
6,3371019E+2	-1,4051610E-1
6,3428516E+2	-1,4043973E-1
6,3485731E+2	-1,4050306E-1
6,3543025E+2	-1,4050585E-1
6,3600425E+2	-1,4040899E-1
6,3657738E+2	-1,4025905E-1
6,3715102E+2	-1,4024322E-1
6,3772513E+2	-1,4036988E-1
6,3829661E+2	-1,4080481E-1
6,3886920E+2	-1,4140830E-1
6,3944147E+2	-1,4198013E-1
6,4001573E+2	-1,4225767E-1
6,4058854E+2	-1,4248026E-1
6,4116261E+2	-1,4263765E-1
6,4173802E+2	-1,4282578E-1
6,4231072E+2	-1,4285372E-1
6,4288510E+2	-1,4303253E-1
6,4345677E+2	-1,4351682E-1
6,4403022E+2	-1,4465024E-1
6,4460417E+2	-1,4631917E-1
6,4517802E+2	-1,4842116E-1
6,4575182E+2	-1,5042630E-1
6,4632741E+2	-1,5216042E-1
6,4690125E+2	-1,5350339E-1
6,4747421E+2	-1,5446917E-1
6,4804721E+2	-1,5526266E-1
6,4862024E+2	-1,5604218E-1
6,4919410E+2	-1,5716814E-1
6,4976734E+2	-1,5879796E-1
6,5034126E+2	-1,6077236E-1
6,5091436E+2	-1,6291813E-1
6,5148771E+2	-1,6506390E-1
6,5206044E+2	-1,6708394E-1
6,5263420E+2	-1,6885345E-1
6,5320786E+2	-1,7030072E-1
6,5378262E+2	-1,7128513E-1
6,5435641E+2	-1,7209445E-1
6,5492770E+2	-1,7264580E-1
6,5550050E+2	-1,7303323E-1
6,5607420E+2	-1,7327909E-1
6,5664719E+2	-1,7330890E-1
6,5722025E+2	-1,7337316E-1
6,5779424E+2	-1,7353148E-1
6,5836637E+2	-1,7388445E-1
6,5893884E+2	-1,7469843E-1
6,5951286E+2	-1,7592871E-1
6,6008846E+2	-1,7739833E-1
6,6066130E+2	-1,7876365E-1
6,6123513E+2	-1,8000418E-1
6,6180798E+2	-1,8139091E-1
6,6238187E+2	-1,8306636E-1
6,6295425E+2	-1,8485916E-1
6,6352740E+2	-1,8652437E-1
6,6410113E+2	-1,8776396E-1
6,6467426E+2	-1,8845407E-1
6,6524738E+2	-1,8895977E-1
6,6582117E+2	-1,8940495E-1
6,6639424E+2	-1,8999075E-1
6,6696774E+2	-1,9059611E-1
6,6754132E+2	-1,9097795E-1
6,6811520E+2	-1,9126666E-1
6,6868877E+2	-1,9135420E-1
6,6926129E+2	-1,9117818E-1
6,6983425E+2	-1,9082614E-1
6,7040744E+2	-1,9035210E-1
6,7098019E+2	-1,8970297E-1
6,7155331E+2	-1,8903521E-1
6,7212718E+2	-1,8842613E-1
6,7270019E+2	-1,8778351E-1
6,7327420E+2	-1,8731226E-1
6,7384723E+2	-1,8701797E-1
6,7442131E+2	-1,8679724E-1
6,7498561E+2	-1,8659980E-1
6,7555854E+2	-1,8605591E-1
6,7613034E+2	-1,8549339E-1
6,7670467E+2	-1,8495602E-1
6,7727838E+2	-1,8475485E-1
6,7785184E+2	-1,8495229E-1
6,7842693E+2	-1,8534717E-1
6,7900020E+2	-1,8553064E-1
6,7957442E+2	-1,8549898E-1
6,8014759E+2	-1,8513949E-1
6,8072074E+2	-1,8503052E-1
6,8129421E+2	-1,8547104E-1
6,8186843E+2	-1,8632506E-1
6,8244268E+2	-1,8767734E-1
6,8301624E+2	-1,8932485E-1
6,8358805E+2	-1,9150880E-1
6,8416223E+2	-1,9365178E-1
6,8473685E+2	-1,9518567E-1
6,8531120E+2	-1,9604900E-1
6,8588429E+2	-1,9656309E-1
6,8645811E+2	-1,9658917E-1
6,8703015E+2	-1,9660221E-1
6,8760337E+2	-1,9644575E-1
6,8817649E+2	-1,9645506E-1
6,8875020E+2	-1,9643271E-1
6,8932447E+2	-1,9657706E-1
6,8989748E+2	-1,9666647E-1
6,9046961E+2	-1,9701665E-1
6,9104271E+2	-1,9730442E-1
6,9161780E+2	-1,9744505E-1
6,9219126E+2	-1,9738359E-1
6,9276515E+2	-1,9749255E-1
6,9333724E+2	-1,9817428E-1
6,9391017E+2	-1,9934868E-1
6,9448210E+2	-2,0076894E-1
6,9505316E+2	-2,0217524E-1
6,9562681E+2	-2,0358433E-1
6,9619899E+2	-2,0475966E-1
6,9677420E+2	-2,0576456E-1
6,9734591E+2	-2,0665211E-1
6,9791763E+2	-2,0762907E-1
6,9849019E+2	-2,0867587E-1
6,9906592E+2	-2,0970964E-1
6,9963766E+2	-2,1064842E-1
7,0020954E+2	-2,1136181E-1
7,0077977E+2	-2,1187124E-1
7,0135140E+2	-2,1230244E-1
7,0192499E+2	-2,1253062E-1
7,0249803E+2	-2,1281467E-1
7,0307132E+2	-2,1299442E-1
7,0364504E+2	-2,1326450E-1
7,0421910E+2	-2,1356252E-1
7,0479136E+2	-2,1374879E-1
7,0536463E+2	-2,1406730E-1
7,0593663E+2	-2,1426567E-1
7,0650812E+2	-2,1446963E-1
7,0708025E+2	-2,1455904E-1
7,0765290E+2	-2,1447988E-1
7,0822612E+2	-2,1432155E-1
7,0879755E+2	-2,1401980E-1
7,0936927E+2	-2,1376183E-1
7,0994263E+2	-2,1353924E-1
7,1051677E+2	-2,1332969E-1
7,1109016E+2	-2,1334832E-1
7,1166417E+2	-2,1334646E-1
7,1223714E+2	-2,1355228E-1
7,1281153E+2	-2,1414646E-1
7,1338624E+2	-2,1508058E-1
7,1396010E+2	-2,1614415E-1
7,1453410E+2	-2,1718723E-1
7,1510817E+2	-2,1819213E-1
7,1568121E+2	-2,1911600E-1
7,1625542E+2	-2,1995140E-1
7,1682815E+2	-2,2053254E-1
7,1740219E+2	-2,2115094E-1
7,1797555E+2	-2,2163523E-1
7,1854861E+2	-2,2206550E-1
7,1912169E+2	-2,2251719E-1
7,1969544E+2	-2,2291766E-1
7,2026842E+2	-2,2325014E-1
7,2084125E+2	-2,2371953E-1
7,2141449E+2	-2,2408926E-1
7,2198737E+2	-2,2453164E-1
7,2256119E+2	-2,2488741E-1
7,2313426E+2	-2,2525714E-1
7,2370804E+2	-2,2532699E-1
7,2428019E+2	-2,2548718E-1
7,2485521E+2	-2,2554585E-1
7,2542813E+2	-2,2558776E-1
7,2600019E+2	-2,2558962E-1
7,2657362E+2	-2,2546855E-1
7,2714653E+2	-2,2545831E-1
7,2772025E+2	-2,2541826E-1
7,2829429E+2	-2,2537542E-1
7,2886758E+2	-2,2537821E-1
7,2944025E+2	-2,2532140E-1
7,3001426E+2	-2,2520033E-1
7,3059660E+2	-2,2520313E-1
7,3117027E+2	-2,2507740E-1
7,3174249E+2	-2,2494887E-1
7,3231630E+2	-2,2482221E-1
7,3288900E+2	-2,2465364E-1
7,3346125E+2	-2,2452326E-1
7,3403433E+2	-2,2441988E-1
7,3460742E+2	-2,2433700E-1
7,3518119E+2	-2,2440033E-1
7,3575422E+2	-2,2435376E-1
7,3632729E+2	-2,2435748E-1
7,3690124E+2	-2,2434351E-1
7,3747421E+2	-2,2425504E-1
7,3804782E+2	-2,2425876E-1
7,3862113E+2	-2,2404922E-1
7,3919426E+2	-2,2389834E-1
7,3976800E+2	-2,2368507E-1
7,4034021E+2	-2,2348763E-1
7,4091411E+2	-2,2336656E-1
7,4148920E+2	-2,2329857E-1
7,4206190E+2	-2,2329578E-1
7,4263501E+2	-2,2341405E-1
7,4320852E+2	-2,2354165E-1
7,4378414E+2	-2,2373164E-1
7,4435671E+2	-2,2389927E-1
7,4493019E+2	-2,2387785E-1
7,4550588E+2	-2,2352023E-1
7,4607924E+2	-2,2302569E-1
7,4665193E+2	-2,2246876E-1
7,4722526E+2	-2,2174233E-1
7,4779879E+2	-2,2101310E-1
7,4837044E+2	-2,2039378E-1
7,4894502E+2	-2,1990483E-1
7,4951856E+2	-2,1951554E-1
7,5009428E+2	-2,1918864E-1
7,5066825E+2	-2,1881518E-1
7,5124131E+2	-2,1846687E-1
7,5181511E+2	-2,1818375E-1
7,5238731E+2	-2,1789597E-1
7,5296016E+2	-2,1765941E-1
7,5353260E+2	-2,1750109E-1
7,5410675E+2	-2,1740330E-1
7,5467886E+2	-2,1729620E-1
7,5525098E+2	-2,1732693E-1
7,5582507E+2	-2,1727478E-1
7,5639902E+2	-2,1718723E-1
7,5697274E+2	-2,1700097E-1
7,5754675E+2	-2,1677559E-1
7,5812105E+2	-2,1652227E-1
7,5869499E+2	-2,1644310E-1
7,5926715E+2	-2,1672716E-1
7,5984060E+2	-2,1754020E-1
7,6041293E+2	-2,1848084E-1
7,6098660E+2	-2,1949412E-1
7,6156152E+2	-2,2073464E-1
7,6213585E+2	-2,2200310E-1
7,6270877E+2	-2,2342150E-1
7,6328223E+2	-2,2484177E-1
7,6385533E+2	-2,2618008E-1
7,6442883E+2	-2,2742340E-1
7,6500137E+2	-2,2857544E-1
7,6557727E+2	-2,2968465E-1
7,6614924E+2	-2,3062715E-1
7,6672149E+2	-2,3129118E-1
7,6729522E+2	-2,3156778E-1
7,6786839E+2	-2,3166837E-1
7,6844171E+2	-2,3161249E-1
7,6901556E+2	-2,3168141E-1
7,6958749E+2	-2,3190027E-1
7,7015933E+2	-2,3225324E-1
7,7073336E+2	-2,3295732E-1
7,7130669E+2	-2,3393521E-1
7,7188019E+2	-2,3520460E-1
7,7245320E+2	-2,3657085E-1
7,7302741E+2	-2,3805631E-1
7,7360131E+2	-2,3915061E-1
7,7417463E+2	-2,4012664E-1
7,7474789E+2	-2,4087449E-1
7,7532157E+2	-2,4149755E-1
7,7589649E+2	-2,4202374E-1
7,7646962E+2	-2,4228638E-1
7,7704116E+2	-2,4227799E-1
7,7761426E+2	-2,4223143E-1
7,7818745E+2	-2,4194551E-1
7,7876020E+2	-2,4161210E-1
7,7933423E+2	-2,4115482E-1
7,7990857E+2	-2,4056529E-1
7,8048275E+2	-2,4005400E-1
7,8105705E+2	-2,3957157E-1
7,8163019E+2	-2,3921767E-1
7,8220318E+2	-2,3888984E-1
7,8277738E+2	-2,3863745E-1
7,8335112E+2	-2,3832546E-1
7,8392406E+2	-2,3804700E-1
7,8449824E+2	-2,3775363E-1
7,8507020E+2	-2,3746399E-1
7,8564423E+2	-2,3739321E-1
7,8621723E+2	-2,3738948E-1
7,8679022E+2	-2,3768471E-1
7,8736199E+2	-2,3814572E-1
7,8793537E+2	-2,3866633E-1
7,8850922E+2	-2,3936761E-1
7,8908417E+2	-2,4009497E-1
7,8965733E+2	-2,4085400E-1
7,9023023E+2	-2,4128520E-1
7,9080515E+2	-2,4165960E-1
7,9137854E+2	-2,4198742E-1
7,9195227E+2	-2,4211036E-1
7,9252532E+2	-2,4187380E-1
7,9309863E+2	-2,4125820E-1
7,9367125E+2	-2,4043770E-1
7,9424466E+2	-2,3956412E-1
7,9481731E+2	-2,3903885E-1
7,9538989E+2	-2,3911709E-1
7,9596266E+2	-2,3974293E-1
7,9653596E+2	-2,4053921E-1
7,9710907E+2	-2,4134015E-1
7,9768234E+2	-2,4213923E-1
7,9825510E+2	-2,4284331E-1
7,9882850E+2	-2,4353155E-1
7,9940420E+2	-2,4434367E-1
7,9997765E+2	-2,4516882E-1
8,0055017E+2	-2,4615043E-1
8,0112289E+2	-2,4695882E-1
8,0169676E+2	-2,4795161E-1
8,0227023E+2	-2,4877397E-1
8,0284245E+2	-2,4950413E-1
8,0341538E+2	-2,5048760E-1
8,0398840E+2	-2,5139937E-1
8,0456223E+2	-2,5217050E-1
8,0513595E+2	-2,5284478E-1
8,0571023E+2	-2,5340451E-1
8,0628240E+2	-2,5392791E-1
8,0685546E+2	-2,5439450E-1
8,0742847E+2	-2,5490394E-1
8,0800215E+2	-2,5553351E-1
8,0857531E+2	-2,5606716E-1
8,0914812E+2	-2,5672653E-1
8,0972263E+2	-2,5723131E-1
8,1029674E+2	-2,5769697E-1
8,1087020E+2	-2,5799499E-1
8,1144420E+2	-2,5778731E-1
8,1201788E+2	-2,5719033E-1
8,1259119E+2	-2,5620686E-1
8,1316423E+2	-2,5498775E-1
8,1374153E+2	-2,5391394E-1
8,1431429E+2	-2,5294536E-1
8,1488944E+2	-2,5203919E-1
8,1546250E+2	-2,5124477E-1
8,1603538E+2	-2,5050344E-1
8,1660777E+2	-2,4984872E-1
8,1718120E+2	-2,4916606E-1
8,1775448E+2	-2,4853555E-1
8,1832803E+2	-2,4819841E-1
8,1890106E+2	-2,4812484E-1
8,1947316E+2	-2,4827851E-1
8,2004676E+2	-2,4856349E-1
8,2061926E+2	-2,4912694E-1
8,2119130E+2	-2,4971461E-1
8,2176425E+2	-2,4987759E-1
8,2233729E+2	-2,4955907E-1
8,2291019E+2	-2,4868643E-1
8,2348330E+2	-2,4753159E-1
8,2405674E+2	-2,4625754E-1
8,2463019E+2	-2,4529641E-1
8,2520420E+2	-2,4456439E-1
8,2577811E+2	-2,4409500E-1
8,2635021E+2	-2,4357253E-1
8,2692124E+2	-2,4299325E-1
8,2749413E+2	-2,4239068E-1
